0 0.89609375 0.61875 0.0484375 0.040625
0 0.69453125 0.57890625 0.0546875 0.03125
0 0.1 0.4859375 0.0484375 0.040625
0 0.4671875 0.55703125 0.05625 0.0421875
0 0.98828125 0.1703125 0.0234375 0.05
0 0.97265625 0.2453125 0.0546875 0.0375
0 0.95625 0.11484375 0.05625 0.046875
0 0.9875 0.13125 0.025 0.05
0 0.1125 0.38125 0.0625 0.0375
0 0.565625 0.47109375 0.0453125 0.0296875
0 0.371875 0.45625 0.084375 0.0671875
0 0.4703125 0.47734375 0.0859375 0.0734375
0 0.79140625 0.53984375 0.06875 0.06875
0 0.909375 0.571875 0.05625 0.0421875
0 0.2640625 0.45625 0.0578125 0.0515625
0 0.2109375 0.44921875 0.046875 0.034375
0 0.584375 0.52734375 0.096875 0.084375
0 0.7203125 0.55390625 0.08125 0.0515625