0 0.9125 0.5265625 0.04375 0.034375
0 0.7078125 0.53359375 0.0515625 0.0234375
0 0.10703125 0.5765625 0.04375 0.034375
0 0.48125 0.56328125 0.0515625 0.034375
0 0.9265625 0.06328125 0.06875 0.0390625
0 0.9078125 0.14453125 0.059375 0.0296875
0 0.8578125 0.02265625 0.0515625 0.0390625
0 0.91640625 0.02578125 0.06875 0.0390625
0 0.0953125 0.47109375 0.059375 0.0296875
0 0.55703125 0.45703125 0.0421875 0.0234375
0 0.36484375 0.4859375 0.078125 0.05625
0 0.465625 0.48515625 0.078125 0.0625
0 0.79296875 0.4734375 0.0609375 0.0609375
0 0.91484375 0.47734375 0.0515625 0.034375
0 0.26015625 0.5109375 0.0515625 0.0453125
0 0.20625 0.515625 0.04375 0.028125
0 0.58828125 0.5078125 0.0875 0.0734375
0 0.7265625 0.503125 0.0765625 0.040625