0 0.9 0.6046875 0.046875 0.0390625
0 0.69765625 0.57265625 0.053125 0.0296875
0 0.1 0.5 0.046875 0.0390625
0 0.46953125 0.55859375 0.0546875 0.040625
0 0.9828125 0.1515625 0.034375 0.046875
0 0.96875 0.2296875 0.0625 0.0359375
0 0.9421875 0.09921875 0.05625 0.0453125
0 0.98125 0.1140625 0.0375 0.046875
0 0.10859375 0.39453125 0.0625 0.0359375
0 0.5640625 0.46875 0.0453125 0.028125
0 0.3703125 0.46015625 0.0828125 0.065625
0 0.46953125 0.47890625 0.084375 0.0703125
0 0.79296875 0.5296875 0.0671875 0.0671875
0 0.91171875 0.55703125 0.0546875 0.040625
0 0.2625 0.46484375 0.05625 0.05
0 0.209375 0.459375 0.0453125 0.034375
0 0.58515625 0.525 0.09375 0.0828125
0 0.721875 0.54609375 0.08125 0.0484375