0 0.31640625 0.571875 0.05 0.0375
0 0.553125 0.6078125 0.1515625 0.1453125
0 0.6671875 0.61328125 0.0671875 0.0609375
0 0.775 0.6328125 0.078125 0.0671875
0 0.61015625 0.6578125 0.0671875 0.0609375
0 0.17421875 0.71953125 0.075 0.0625
0 0.49765625 0.71171875 0.0703125 0.0609375
0 0.83359375 0.22578125 0.05 0.0484375
0 0.61171875 0.2953125 0.0578125 0.0484375
0 0.87109375 0.26640625 0.075 0.0875
0 0.68359375 0.30625 0.0609375 0.05
0 0.5671875 0.33046875 0.0578125 0.0546875
0 0.8234375 0.30234375 0.0546875 0.0484375
0 0.88828125 0.3171875 0.05625 0.0328125
0 0.678125 0.34921875 0.0609375 0.05
0 0.7859375 0.33671875 0.06875 0.0453125
0 0.6171875 0.371875 0.0453125 0.0328125
0 0.359375 0.41796875 0.0328125 0.0296875
0 0.1265625 0.46171875 0.040625 0.03125
0 0.60703125 0.41015625 0.053125 0.0328125
0 0.34453125 0.4578125 0.046875 0.0421875
0 0.1078125 0.49375 0.05 0.0375