0 0.40078125 0.6375 0.025 0.021875
0 0.37734375 0.63515625 0.0296875 0.028125
0 0.50078125 0.665625 0.0359375 0.0296875
0 0.5515625 0.67890625 0.04375 0.03125
0 0.3546875 0.653125 0.015625 0.025
0 0.48203125 0.68828125 0.0171875 0.0203125
0 0.61171875 0.7203125 0.0203125 0.03125
0 0.2296875 0.625 0.0265625 0.0328125
0 0.35078125 0.72734375 0.0234375 0.0265625
0 0.4390625 0.75 0.0296875 0.028125
0 0.37421875 0.73671875 0.028125 0.0234375
0 0.41484375 0.74921875 0.0296875 0.028125
0 0.4765625 0.10703125 0.0296875 0.028125
0 0.51875 0.1171875 0.0265625 0.0265625