0 0.30625 0.53203125 0.046875 0.034375
0 0.5296875 0.61640625 0.14375 0.1359375
0 0.63984375 0.6453125 0.0640625 0.0578125
0 0.74140625 0.68671875 0.075 0.0625
0 0.57421875 0.67734375 0.0640625 0.0578125
0 0.1359375 0.646875 0.071875 0.0578125
0 0.453125 0.70625 0.0671875 0.0578125
0 0.88359375 0.3015625 0.0484375 0.0453125
0 0.6515625 0.32265625 0.0546875 0.0453125
0 0.91171875 0.3484375 0.06875 0.084375
0 0.71953125 0.3484375 0.059375 0.0453125
0 0.60078125 0.3484375 0.05625 0.0515625
0 0.85703125 0.37421875 0.0515625 0.0453125
0 0.91796875 0.4015625 0.0546875 0.0296875
0 0.70546875 0.38984375 0.059375 0.0453125
0 0.8140625 0.4 0.0671875 0.040625
0 0.640625 0.3984375 0.04375 0.0296875
0 0.37890625 0.390625 0.03125 0.028125
0 0.1421875 0.38515625 0.0390625 0.0296875
0 0.6234375 0.434375 0.0515625 0.0296875
0 0.35625 0.4265625 0.04375 0.0390625
0 0.11796875 0.4125 0.046875 0.034375