0 0.36328125 0.6171875 0.0265625 0.028125
0 0.4875 0.66015625 0.04375 0.034375
0 0.3875 0.628125 0.04375 0.0484375
0 0.53671875 0.6796875 0.05625 0.053125
0 0.221875 0.5953125 0.01875 0.0203125
0 0.34375 0.640625 0.0203125 0.0265625
0 0.4671875 0.6828125 0.0203125 0.0265625
0 0.59140625 0.72578125 0.0171875 0.025
0 0.71953125 0.77265625 0.021875 0.03125
0 0.3578125 0.71953125 0.0359375 0.0359375
0 0.328125 0.7125 0.034375 0.040625
0 0.39375 0.73828125 0.04375 0.0484375
0 0.415625 0.74609375 0.0296875 0.0328125
0 0.51484375 0.1078125 0.040625 0.0421875
0 0.5484375 0.12265625 0.0359375 0.0359375