0 0.29765625 0.54765625 0.1953125 0.1140625
0 0.19296875 0.57421875 0.0265625 0.034375
0 0.16640625 0.5796875 0.0328125 0.0453125
0 0.371875 0.64296875 0.0203125 0.03125
0 0.57734375 0.70625 0.0171875 0.03125
0 0.76953125 0.75703125 0.01875 0.0265625
0 0.13125 0.62265625 0.053125 0.05625
0 0.37734375 0.21484375 0.0140625 0.0203125
0 0.29921875 0.2046875 0.0421875 0.0203125
0 0.353125 0.26171875 0.021875 0.0375
0 0.2921875 0.27890625 0.1109375 0.04375
0 0.29765625 0.38828125 0.01875 0.0265625
0 0.45390625 0.43046875 0.0203125 0.021875
0 0.62265625 0.48125 0.015625 0.025
0 0.19609375 0.5125 0.0390625 0.06875