0 0.31953125 0.578125 0.05 0.0390625
0 0.55703125 0.60546875 0.1546875 0.1484375
0 0.67109375 0.60703125 0.06875 0.0625
0 0.7796875 0.62265625 0.0796875 0.06875
0 0.615625 0.65390625 0.06875 0.0625
0 0.18203125 0.73046875 0.0765625 0.0640625
0 0.5046875 0.71171875 0.071875 0.0640625
0 0.82421875 0.2140625 0.0515625 0.05
0 0.6046875 0.29140625 0.059375 0.05
0 0.8625 0.25390625 0.0765625 0.0890625
0 0.6765625 0.3 0.0625 0.0515625
0 0.5609375 0.328125 0.059375 0.05625
0 0.81640625 0.29140625 0.05625 0.05
0 0.88203125 0.303125 0.05625 0.0359375
0 0.6734375 0.34296875 0.0625 0.0515625
0 0.78046875 0.3265625 0.06875 0.046875
0 0.6125 0.3671875 0.0453125 0.0328125
0 0.35625 0.42265625 0.034375 0.03125
0 0.125 0.475 0.0421875 0.0328125
0 0.60390625 0.40625 0.053125 0.034375
0 0.34296875 0.46328125 0.046875 0.04375
0 0.1078125 0.50703125 0.05 0.0390625