0 0.44921875 0.67265625 0.0265625 0.0265625
0 0.57734375 0.64140625 0.04375 0.03125
0 0.475 0.66875 0.040625 0.046875
0 0.628125 0.63046875 0.0546875 0.05
0 0.31875 0.73125 0.0171875 0.0203125
0 0.4453125 0.703125 0.01875 0.025
0 0.571875 0.67109375 0.01875 0.025
0 0.7 0.6390625 0.015625 0.025
0 0.8328125 0.609375 0.0203125 0.03125
0 0.5 0.76171875 0.034375 0.034375
0 0.471875 0.771875 0.0328125 0.0390625
0 0.540625 0.7578125 0.040625 0.046875
0 0.56328125 0.75234375 0.0265625 0.0328125
0 0.2984375 0.16328125 0.0390625 0.040625
0 0.33515625 0.15703125 0.034375 0.034375