0 0.3046875 0.48671875 0.0578125 0.05
0 0.5453125 0.62109375 0.0671875 0.0984375
0 0.4796875 0.62421875 0.09375 0.09375
0 0.596875 0.67578125 0.0609375 0.0515625
0 0.6921875 0.74296875 0.0671875 0.0578125
0 0.115625 0.55859375 0.0640625 0.0515625
0 0.52578125 0.69453125 0.0703125 0.0671875
0 0.409375 0.69296875 0.0609375 0.0515625
0 0.91953125 0.403125 0.04375 0.0375
0 0.68984375 0.36484375 0.05 0.034375
0 0.93203125 0.45859375 0.0609375 0.078125
0 0.75078125 0.403125 0.0546875 0.040625
0 0.6375 0.375 0.0453125 0.0328125
0 0.8796875 0.46484375 0.053125 0.04375
0 0.92265625 0.50703125 0.0390625 0.0296875
0 0.81875 0.47890625 0.059375 0.046875
0 0.721875 0.45 0.0515625 0.0390625
0 0.653125 0.4359375 0.0390625 0.0296875
0 0.40859375 0.3671875 0.0421875 0.03125
0 0.17890625 0.30390625 0.03125 0.028125
0 0.63359375 0.465625 0.0328125 0.0234375
0 0.38046875 0.39140625 0.0421875 0.03125
0 0.15 0.32265625 0.028125 0.0265625