0 0.4203125 0.65 0.0234375 0.01875
0 0.39765625 0.65078125 0.0265625 0.025
0 0.5234375 0.6640625 0.034375 0.0265625
0 0.57578125 0.66953125 0.040625 0.0265625
0 0.37734375 0.671875 0.0125 0.0234375
0 0.50859375 0.68828125 0.015625 0.01875
0 0.64140625 0.70234375 0.0171875 0.0296875
0 0.25 0.66171875 0.0234375 0.0296875
0 0.38359375 0.74609375 0.0203125 0.025
0 0.475 0.75546875 0.0265625 0.025
0 0.40859375 0.7515625 0.0265625 0.0203125
0 0.45 0.75859375 0.0265625 0.025
0 0.421875 0.1140625 0.0265625 0.025
0 0.465625 0.11875 0.0234375 0.025