0 0.37578125 0.63125 0.025 0.0265625
0 0.5046875 0.6609375 0.04375 0.03125
0 0.4015625 0.6390625 0.040625 0.0453125
0 0.55546875 0.675 0.053125 0.0484375
0 0.23359375 0.6234375 0.0171875 0.0203125
0 0.35859375 0.65625 0.01875 0.025
0 0.4859375 0.68515625 0.01875 0.025
0 0.61484375 0.71484375 0.015625 0.025
0 0.746875 0.7484375 0.0203125 0.03125
0 0.38125 0.7328125 0.034375 0.034375
0 0.3515625 0.7296875 0.03125 0.0390625
0 0.41953125 0.7484375 0.040625 0.0453125
0 0.44140625 0.753125 0.0265625 0.0328125
0 0.4734375 0.1078125 0.0390625 0.040625
0 0.50859375 0.11953125 0.034375 0.034375