0 0.4421875 0.66015625 0.021875 0.0171875
0 0.41953125 0.6640625 0.025 0.0234375
0 0.54609375 0.659375 0.0328125 0.0234375
0 0.5984375 0.6578125 0.0390625 0.0234375
0 0.40234375 0.68671875 0.0125 0.0234375
0 0.534375 0.6859375 0.0140625 0.0171875
0 0.66796875 0.68125 0.015625 0.028125
0 0.275 0.69453125 0.021875 0.028125
0 0.41953125 0.76015625 0.01875 0.0234375
0 0.51015625 0.75703125 0.025 0.0234375
0 0.44453125 0.7625 0.025 0.01875
0 0.48671875 0.76328125 0.025 0.0234375
0 0.36875 0.12890625 0.025 0.0234375
0 0.4125 0.12734375 0.021875 0.0234375