0 0.31171875 0.5890625 0.1859375 0.078125
0 0.215625 0.6359375 0.021875 0.0296875
0 0.18984375 0.646875 0.025 0.0421875
0 0.40390625 0.66640625 0.0140625 0.0296875
0 0.61875 0.68515625 0.0109375 0.0296875
0 0.8171875 0.6953125 0.0140625 0.0234375
0 0.16484375 0.696875 0.0453125 0.0484375
0 0.3203125 0.246875 0.0109375 0.01875
0 0.2421875 0.25234375 0.040625 0.0125
0 0.30703125 0.296875 0.0140625 0.0359375
0 0.2515625 0.32734375 0.1109375 0.021875
0 0.27890625 0.4328125 0.0140625 0.0234375
0 0.440625 0.44140625 0.0171875 0.01875
0 0.61640625 0.45625 0.0109375 0.0234375
0 0.20546875 0.57578125 0.025 0.065625