0 0.31640625 0.5671875 0.053125 0.0421875
0 0.590625 0.5921875 0.05 0.09375
0 0.53125 0.621875 0.0828125 0.08125
0 0.66015625 0.62109375 0.05625 0.0421875
0 0.77421875 0.64375 0.0609375 0.0484375
0 0.17265625 0.709375 0.059375 0.0421875
0 0.60234375 0.6671875 0.0609375 0.059375
0 0.49609375 0.71328125 0.05625 0.0421875
0 0.84375 0.240625 0.040625 0.0296875
0 0.61875 0.29921875 0.046875 0.025
0 0.878125 0.28671875 0.0484375 0.0734375
0 0.68984375 0.309375 0.0515625 0.03125
0 0.575 0.3296875 0.04375 0.025
0 0.83203125 0.31328125 0.0484375 0.0359375
0 0.8890625 0.334375 0.0359375 0.025
0 0.7828125 0.35078125 0.0546875 0.0375
0 0.68203125 0.3640625 0.0484375 0.03125
0 0.6140625 0.37890625 0.0359375 0.025
0 0.3625 0.41640625 0.0390625 0.025
0 0.1265625 0.4515625 0.028125 0.0234375
0 0.6078125 0.4140625 0.03125 0.01875
0 0.346875 0.44921875 0.0390625 0.025
0 0.10859375 0.4796875 0.025 0.0234375