0 0.30546875 0.52109375 0.053125 0.04375
0 0.565625 0.6109375 0.053125 0.0953125
0 0.5015625 0.62578125 0.084375 0.084375
0 0.6265625 0.65625 0.05625 0.04375
0 0.73125 0.70625 0.0609375 0.05
0 0.13125 0.62421875 0.0609375 0.04375
0 0.55859375 0.6875 0.0625 0.0609375
0 0.44453125 0.70625 0.05625 0.04375
0 0.89609375 0.33125 0.040625 0.03125
0 0.6640625 0.33359375 0.0484375 0.0265625
0 0.91875 0.384375 0.05 0.0734375
0 0.73046875 0.3609375 0.053125 0.0328125
0 0.6140625 0.35234375 0.04375 0.0265625
0 0.86796875 0.39921875 0.05 0.0375
0 0.9171875 0.4328125 0.0359375 0.025
0 0.81015625 0.4234375 0.05625 0.0390625
0 0.709375 0.41171875 0.0484375 0.0328125
0 0.63984375 0.41015625 0.0359375 0.025
0 0.38671875 0.38515625 0.040625 0.0265625
0 0.14921875 0.3625 0.0296875 0.025
0 0.62578125 0.44296875 0.03125 0.0203125
0 0.3640625 0.4140625 0.040625 0.0265625
0 0.125 0.3859375 0.025 0.0234375