0 0.684375 0.315625 0.009375 0.0078125
0 0.59609375 0.32578125 0.0078125 0.009375
0 0.71015625 0.41015625 0.0140625 0.0171875
0 0.67578125 0.4125 0.0234375 0.015625
0 0.48828125 0.4640625 0.0140625 0.0140625
0 0.4953125 0.4984375 0.0125 0.015625
0 0.48359375 0.50703125 0.0140625 0.015625
0 0.759375 0.5 0.01875 0.0203125
0 0.6015625 0.51328125 0.0078125 0.0078125
0 0.57578125 0.51640625 0.00625 0.00625
0 0.56484375 0.5171875 0.00625 0.0078125
0 0.496875 0.5203125 0.0171875 0.009375
0 0.68203125 0.1140625 0.00625 0.00625
0 0.64375 0.115625 0.0078125 0.0078125
0 0.56640625 0.121875 0.00625 0.009375