0 0.72109375 0.36171875 0.0109375 0.009375
0 0.6328125 0.3515625 0.009375 0.0109375
0 0.725 0.459375 0.0171875 0.0203125
0 0.69140625 0.4546875 0.025 0.01875
0 0.496875 0.4625 0.0171875 0.0171875
0 0.4953125 0.49765625 0.015625 0.0171875
0 0.4828125 0.503125 0.0171875 0.01875
0 0.753125 0.55859375 0.021875 0.0234375
0 0.5953125 0.5359375 0.009375 0.009375
0 0.5703125 0.5328125 0.0078125 0.0078125
0 0.559375 0.53125 0.0078125 0.009375
0 0.4921875 0.51953125 0.01875 0.0125
0 0.7640625 0.16484375 0.0078125 0.0078125
0 0.7265625 0.1578125 0.009375 0.009375
0 0.65 0.14609375 0.0078125 0.0109375