0 0.70234375 0.3359375 0.009375 0.0078125
0 0.6140625 0.33671875 0.0078125 0.009375
0 0.71875 0.43203125 0.015625 0.01875
0 0.684375 0.43125 0.025 0.015625
0 0.4921875 0.46328125 0.015625 0.015625
0 0.4953125 0.4984375 0.0140625 0.0171875
0 0.4828125 0.50546875 0.015625 0.0171875
0 0.7578125 0.52734375 0.0203125 0.0203125
0 0.59921875 0.52421875 0.0078125 0.0078125
0 0.5734375 0.52421875 0.00625 0.00625
0 0.5625 0.52421875 0.00625 0.0078125
0 0.49453125 0.5203125 0.0171875 0.0109375
0 0.72109375 0.13515625 0.00625 0.00625
0 0.6828125 0.1328125 0.0078125 0.0078125
0 0.60546875 0.13046875 0.00625 0.009375