0 0.44453125 0.67109375 0.178125 0.209375
0 0.51953125 0.790625 0.1046875 0.1296875
0 0.32578125 0.753125 0.0765625 0.1296875
0 0.39140625 0.80078125 0.0890625 0.1328125
0 0.2 0.87890625 0.096875 0.121875
0 0.6515625 0.225 0.0671875 0.084375
0 0.91328125 0.10078125 0.0484375 0.0546875
0 0.38984375 0.25546875 0.1375 0.1296875
0 0.71484375 0.428125 0.0890625 0.1203125
0 0.36953125 0.36875 0.065625 0.090625
0 0.284375 0.35390625 0.1328125 0.1859375
0 0.8703125 0.5265625 0.1109375 0.13125
0 0.12578125 0.42734375 0.075 0.1046875
0 0.1828125 0.45 0.0765625 0.1234375
0 0.06953125 0.4328125 0.1234375 0.221875