0 0.703125 0.646875 0.0109375 0.0328125
0 0.63671875 0.64609375 0.0109375 0.0390625
0 0.23125 0.625 0.0203125 0.0265625
0 0.68671875 0.66171875 0.0171875 0.0390625
0 0.92109375 0.67421875 0.0234375 0.0265625
0 0.621875 0.6609375 0.0140625 0.0328125
0 0.97421875 0.68359375 0.0109375 0.0390625
0 0.67265625 0.68046875 0.0171875 0.0390625
0 0.65859375 0.6828125 0.0140625 0.0328125
0 0.84765625 0.69296875 0.0234375 0.0453125
0 0.4375 0.68046875 0.0171875 0.0265625
0 0.64375 0.69765625 0.0109375 0.0390625
0 0.8796875 0.71328125 0.0203125 0.0328125
0 0.62890625 0.70625 0.0140625 0.0453125
0 0.3578125 0.71484375 0.0203125 0.0390625
0 0.9015625 0.74296875 0.0171875 0.0265625
0 0.88203125 0.7609375 0.0109375 0.025
0 0.80234375 0.78203125 0.0109375 0.025
0 0.415625 0.76484375 0.0203125 0.0328125
0 0.8140625 0.82734375 0.028125 0.0515625
0 0.9125 0.84453125 0.01875 0.0640625
0 0.32109375 0.8296875 0.0203125 0.0453125
0 0.8765625 0.871875 0.0109375 0.01875
0 0.4265625 0.8515625 0.021875 0.0515625
0 0.6859375 0.87734375 0.0203125 0.0390625
0 0.67265625 0.8921875 0.0140625 0.0328125
0 0.78515625 0.8984375 0.0203125 0.0453125
0 0.3890625 0.88359375 0.0171875 0.0328125
0 0.88984375 0.91328125 0.0109375 0.025
0 0.7546875 0.9125 0.0171875 0.0265625
0 0.18515625 0.8828125 0.0234375 0.0390625
0 0.871875 0.93203125 0.0140625 0.025
0 0.2953125 0.9046875 0.0265625 0.0453125
0 0.4015625 0.92265625 0.0140625 0.0328125
0 0.725 0.94609375 0.0171875 0.0328125
0 0.3859375 0.940625 0.0171875 0.0328125
0 0.23125 0.9546875 0.0234375 0.0390625
0 0.77109375 0.99765625 0.0109375 0.0046875
0 0.72265625 0.38203125 0.0171875 0.0453125
0 0.70234375 0.38671875 0.0140625 0.0328125
0 0.2203125 0.38984375 0.0171875 0.0265625
0 0.19921875 0.40546875 0.0203125 0.0328125
0 0.7796875 0.4390625 0.0171875 0.0390625
0 0.6796875 0.46171875 0.0203125 0.0328125
0 0.7453125 0.46796875 0.0140625 0.025
0 0.275 0.446875 0.0140625 0.01875
0 0.17578125 0.4671875 0.0171875 0.0453125
0 0.246875 0.48046875 0.0171875 0.0265625
0 0.6703125 0.51484375 0.0265625 0.0390625
0 0.803125 0.521875 0.025 0.0515625
0 0.30546875 0.525 0.0140625 0.0453125
0 0.7515625 0.5546875 0.0171875 0.0328125
0 0.1625 0.5296875 0.0234375 0.0328125
0 0.73984375 0.56640625 0.0140625 0.0453125
0 0.72734375 0.571875 0.0140625 0.0328125
0 0.7078125 0.58671875 0.0140625 0.0390625
0 0.75859375 0.5984375 0.0171875 0.0328125
0 0.69609375 0.5984375 0.0171875 0.0390625
0 0.6828125 0.6109375 0.0171875 0.0390625
0 0.9359375 0.62421875 0.0171875 0.0390625
0 0.7453125 0.61796875 0.0171875 0.0328125
0 0.73046875 0.6234375 0.0140625 0.0328125
0 0.221875 0.596875 0.0109375 0.0328125
0 0.66328125 0.62265625 0.0171875 0.0390625
0 0.2078125 0.60234375 0.0078125 0.0328125
0 0.4546875 0.62109375 0.0203125 0.0328125
0 0.71875 0.63828125 0.0171875 0.0390625
0 0.65 0.6375 0.0171875 0.0453125