0 0.5625 0.63515625 0.1546875 0.3421875
0 0.42890625 0.2875 0.1359375 0.0765625
0 0.58515625 0.33125 0.1265625 0.0671875
0 0.60703125 0.24140625 0.1453125 0.0796875
0 0.45546875 0.1953125 0.14375 0.0828125
0 0.5546875 0.465625 0.0484375 0.0453125
0 0.12265625 0.203125 0.115625 0.0625
0 0.1484375 0.11328125 0.115625 0.0609375
0 0.865625 0.54765625 0.05625 0.0453125
0 0.7109375 0.50859375 0.0484375 0.0375
0 0.39140625 0.425 0.046875 0.046875
0 0.22734375 0.37734375 0.0453125 0.0375
0 0.25546875 0.14140625 0.0609375 0.05625
0 0.56953125 0.15859375 0.0375 0.0640625
0 0.4140625 0.1171875 0.034375 0.0625
0 0.07265625 0.34296875 0.053125 0.0453125