0 0.52890625 0.2453125 0.06875 0.0390625
0 0.34453125 0.70703125 0.1125 0.1375
0 0.39921875 0.5671875 0.05 0.0421875
0 0.3328125 0.56875 0.03125 0.0421875
0 0.6609375 0.91640625 0.1203125 0.0453125
0 0.84375 0.39765625 0.0296875 0.053125
0 0.84375 0.2 0.0453125 0.084375
0 0.80625 0.8625 0.0625 0.06875
0 0.8125 0.79375 0.0671875 0.0484375
0 0.80546875 0.66640625 0.040625 0.0453125
0 0.82109375 0.61171875 0.0328125 0.0421875
0 0.4859375 0.40234375 0.0484375 0.065625
0 0.41015625 0.340625 0.0453125 0.028125
0 0.634375 0.86875 0.0359375 0.046875
0 0.68671875 0.85625 0.0609375 0.059375
0 0.69375 0.6890625 0.034375 0.0671875
0 0.2984375 0.87265625 0.0578125 0.040625
0 0.7671875 0.5453125 0.053125 0.0390625
0 0.74609375 0.50625 0.03125 0.0390625
0 0.80625 0.34140625 0.03125 0.0421875
0 0.43515625 0.378125 0.04375 0.0375
0 0.3421875 0.39375 0.0578125 0.06875
0 0.3359375 0.51484375 0.1328125 0.04375
0 0.46796875 0.5171875 0.03125 0.0421875
0 0.56796875 0.3953125 0.04375 0.028125
0 0.68359375 0.3828125 0.14375 0.046875
0 0.5875 0.346875 0.04375 0.0390625
0 0.7015625 0.33359375 0.140625 0.0515625