0 0.60078125 0.609375 0.0765625 0.3390625
0 0.3671875 0.3203125 0.13125 0.046875
0 0.52890625 0.31328125 0.1234375 0.0390625
0 0.521875 0.22109375 0.140625 0.0484375
0 0.3640625 0.22421875 0.1375 0.0515625
0 0.54140625 0.45 0.040625 0.0375
0 0.05234375 0.33359375 0.1046875 0.0359375
0 0.05078125 0.240625 0.1015625 0.034375
0 0.8625 0.4328125 0.0515625 0.034375
0 0.70390625 0.44296875 0.04375 0.028125
0 0.3734375 0.4625 0.0390625 0.0390625
0 0.20234375 0.4671875 0.040625 0.0296875
0 0.15703125 0.234375 0.0515625 0.0453125
0 0.46015625 0.153125 0.0234375 0.0609375
0 0.3 0.1625 0.0203125 0.0609375
0 0.95859375 0.1890625 0.0609375 0.034375
0 0.0453125 0.4828125 0.0453125 0.0359375