0 0.61953125 0.5875 0.1390625 0.34375
0 0.33515625 0.3484375 0.1359375 0.0703125
0 0.4921875 0.3109375 0.1265625 0.0609375
0 0.46796875 0.221875 0.1453125 0.0734375
0 0.31328125 0.25546875 0.14375 0.0765625
0 0.53125 0.44296875 0.046875 0.04375
0 0.04140625 0.4234375 0.0828125 0.05625
0 0.03125 0.33203125 0.0625 0.0546875
0 0.84296875 0.36484375 0.05625 0.0421875
0 0.6890625 0.4046875 0.046875 0.0359375
0 0.36875 0.48671875 0.0453125 0.0453125
0 0.2015625 0.525 0.0453125 0.0359375
0 0.1125 0.3046875 0.059375 0.0546875
0 0.3953125 0.1671875 0.034375 0.0640625
0 0.2390625 0.20703125 0.03125 0.0625
0 0.89140625 0.10703125 0.065625 0.0453125
0 0.05 0.5703125 0.0515625 0.04375