0 0.74453125 0.00859375 0.0515625 0.0171875
0 0.5296875 0.6734375 0.1671875 0.1890625
0 0.63671875 0.7515625 0.10625 0.1125
0 0.4640625 0.8234375 0.090625 0.109375
0 0.528125 0.81953125 0.0765625 0.09375
0 0.4015625 0.95859375 0.08125 0.0828125
0 0.51640625 0.19296875 0.0609375 0.0828125
0 0.559375 0.22734375 0.053125 0.0625
0 0.265625 0.33203125 0.0671875 0.084375
0 0.32265625 0.325 0.0578125 0.08125
0 0.22265625 0.440625 0.06875 0.0734375
0 0.65859375 0.3453125 0.0640625 0.0828125
0 0.325 0.44296875 0.0609375 0.0703125
0 0.07265625 0.5125 0.06875 0.084375
0 0.27109375 0.48828125 0.071875 0.0609375
0 0.853125 0.3671875 0.08125 0.1
0 0.0765625 0.6125 0.0890625 0.1453125
0 0.13203125 0.60234375 0.065625 0.071875
0 0.1875 0.5953125 0.0609375 0.0953125
0 0.1125 0.690625 0.078125 0.0875