0 0.41484375 0.46796875 0.0375 0.040625
0 0.15078125 0.5234375 0.034375 0.0234375
0 0.353125 0.484375 0.0546875 0.034375
0 0.41640625 0.4875 0.059375 0.040625
0 0.5984375 0.465625 0.0296875 0.01875
0 0.53828125 0.48125 0.040625 0.053125
0 0.41484375 0.51640625 0.046875 0.0421875
0 0.49375 0.50625 0.040625 0.0328125
0 0.359375 0.540625 0.0453125 0.0328125
0 0.59140625 0.50234375 0.0328125 0.034375
0 0.48046875 0.52890625 0.040625 0.028125
0 0.58515625 0.53203125 0.0359375 0.03125
0 0.96640625 0.53984375 0.0421875 0.0375
0 0.6046875 0.1296875 0.0359375 0.03125
0 0.6359375 0.134375 0.021875 0.025
0 0.63671875 0.16328125 0.040625 0.0328125
0 0.6203125 0.2328125 0.0453125 0.0328125
0 0.15546875 0.4390625 0.0421875 0.0421875
0 0.23203125 0.44765625 0.0234375 0.0328125
0 0.20859375 0.48125 0.025 0.021875
0 0.29765625 0.46328125 0.0578125 0.053125
0 0.35234375 0.45546875 0.046875 0.0375
0 0.24453125 0.48125 0.028125 0.034375