0 0.9328125 0.684375 0.046875 0.0546875
0 0.5765625 0.5578125 0.034375 0.0328125
0 0.59375 0.528125 0.04375 0.0390625
0 0.70234375 0.2796875 0.0359375 0.0421875
0 0.7421875 0.22578125 0.0484375 0.04375
0 0.74375 0.1890625 0.034375 0.0390625
0 0.7125 0.17734375 0.046875 0.053125
0 0.5375 0.49375 0.05625 0.0625
0 0.46796875 0.5203125 0.0375 0.0296875
0 0.490625 0.5046875 0.059375 0.046875
0 0.353125 0.48828125 0.04375 0.0359375
0 0.16171875 0.415625 0.0359375 0.0359375
0 0.1875 0.33203125 0.040625 0.0390625
0 0.22734375 0.39375 0.03125 0.0328125
0 0.42265625 0.46484375 0.071875 0.0953125
0 0.36796875 0.4265625 0.065625 0.06875
0 0.31640625 0.403125 0.059375 0.059375
0 0.259375 0.38359375 0.040625 0.06875