0 0.46328125 0.871875 0.0421875 0.0609375
0 0.4703125 0.953125 0.03125 0.0359375
0 0.3609375 0.978125 0.03125 0.040625
0 0.52421875 0.77421875 0.0203125 0.034375
0 0.51484375 0.69140625 0.0375 0.04375
0 0.5640625 0.95 0.028125 0.0421875
0 0.5515625 0.8953125 0.0265625 0.0421875
0 0.45390625 0.75390625 0.0265625 0.040625
0 0.57578125 0.93125 0.021875 0.0265625
0 0.5671875 0.84375 0.025 0.0296875
0 0.25703125 0.57578125 0.0328125 0.0453125
0 0.19921875 0.50546875 0.028125 0.04375
0 0.18671875 0.5265625 0.0296875 0.0359375
0 0.1859375 0.596875 0.0296875 0.0390625
0 0.20234375 0.653125 0.03125 0.0453125
0 0.271875 0.70859375 0.0234375 0.0328125
0 0.33046875 0.5984375 0.0328125 0.04375
0 0.2796875 0.68359375 0.0265625 0.0390625
0 0.2984375 0.71953125 0.025 0.0296875
0 0.503125 0.6375 0.0328125 0.0484375
0 0.91015625 0.6765625 0.0328125 0.0421875
0 0.9171875 0.75 0.0421875 0.053125
0 0.8828125 0.82109375 0.0265625 0.04375
0 0.81875 0.77421875 0.0265625 0.0421875
0 0.81171875 0.79140625 0.0265625 0.0359375
0 0.896875 0.77265625 0.01875 0.03125
0 0.996875 0.75078125 0.00625 0.0328125
0 0.9890625 0.68984375 0.021875 0.0390625
0 0.27734375 0.5421875 0.025 0.0328125
0 0.6578125 0.44453125 0.0375 0.046875
0 0.996875 0.48515625 0.00625 0.0390625
0 0.95390625 0.49296875 0.0421875 0.0578125
0 0.965625 0.57109375 0.0359375 0.053125
0 0.99609375 0.65390625 0.0078125 0.0578125
0 0.9453125 0.43984375 0.040625 0.0546875
0 0.9546875 0.59140625 0.025 0.0390625
0 0.93125 0.54765625 0.0296875 0.0421875
0 0.89453125 0.55 0.040625 0.059375
0 0.94765625 0.8578125 0.021875 0.025
0 0.728125 0.33125 0.0359375 0.04375
0 0.78515625 0.4078125 0.03125 0.046875
0 0.7109375 0.36953125 0.028125 0.0390625
0 0.64765625 0.3921875 0.03125 0.040625
0 0.64375 0.32109375 0.03125 0.04375
0 0.6546875 0.30078125 0.028125 0.0453125
0 0.675 0.60234375 0.04375 0.0625
0 0.71875 0.51328125 0.178125 0.190625