0 0.453125 0.24765625 0.0765625 0.05625
0 0.41171875 0.74296875 0.14375 0.1609375
0 0.4234375 0.59375 0.059375 0.053125
0 0.3609375 0.61484375 0.040625 0.0484375
0 0.775 0.85078125 0.1265625 0.075
0 0.79921875 0.3015625 0.0421875 0.0578125
0 0.740625 0.1125 0.065625 0.0921875
0 0.8984375 0.75703125 0.0765625 0.0828125
0 0.88515625 0.68984375 0.0765625 0.0640625
0 0.840625 0.56953125 0.05 0.0546875
0 0.8390625 0.51328125 0.0421875 0.0484375
0 0.4578125 0.41015625 0.0625 0.075
0 0.3671875 0.37421875 0.05 0.0390625
0 0.7359375 0.81328125 0.0453125 0.0546875
0 0.7828125 0.7859375 0.0734375 0.0734375
0 0.740625 0.62421875 0.0515625 0.0734375
0 0.415625 0.91484375 0.0671875 0.0546875
0 0.76875 0.46484375 0.0609375 0.0515625
0 0.7375 0.434375 0.040625 0.0453125
0 0.74609375 0.25859375 0.0421875 0.0484375
0 0.40234375 0.40234375 0.0515625 0.046875
0 0.31875 0.44453125 0.0734375 0.0796875
0 0.346875 0.5625 0.1390625 0.0765625
0 0.47421875 0.52578125 0.0421875 0.0484375
0 0.534375 0.3796875 0.05 0.0390625
0 0.64140625 0.334375 0.15 0.08125
0 0.5390625 0.328125 0.053125 0.0484375
0 0.64375 0.28203125 0.1484375 0.084375