0 0.72109375 0.50625 0.0359375 0.028125
0 0.64921875 0.53828125 0.059375 0.034375
0 0.265625 0.571875 0.01875 0.046875
0 0.42734375 0.0703125 0.0359375 0.021875
0 0.53046875 0.7796875 0.0515625 0.0390625
0 0.03203125 0.86953125 0.028125 0.021875
0 0.80234375 0.95390625 0.04375 0.0328125
0 0.1578125 0.13046875 0.025 0.021875
0 0.12890625 0.134375 0.028125 0.0171875
0 0.915625 0.09609375 0.0234375 0.0734375
0 0.8484375 0.1046875 0.0265625 0.0734375
0 0.8828125 0.10625 0.01875 0.0671875
0 0.74296875 0.1234375 0.021875 0.046875
0 0.16953125 0.21328125 0.025 0.021875
0 0.48046875 0.2015625 0.0203125 0.021875
0 0.13046875 0.24296875 0.028125 0.0171875
0 0.746875 0.01875 0.01875 0.0375
0 0.346875 0.26796875 0.0484375 0.0390625
0 0.68671875 0.02578125 0.0140625 0.0515625
0 0.46484375 0.31328125 0.0171875 0.0171875
0 0.02421875 0.3546875 0.04375 0.021875
0 0.2828125 0.34375 0.0203125 0.0171875
0 0.71875 0.03046875 0.015625 0.0609375
0 0.9109375 0.43671875 0.04375 0.0328125