0 0.46875 0.67734375 0.15625 0.1921875
0 0.56015625 0.78515625 0.0890625 0.1203125
0 0.3625 0.775 0.0609375 0.125
0 0.434375 0.81328125 0.0734375 0.1265625
0 0.25546875 0.91640625 0.084375 0.1125
0 0.6125 0.20625 0.0578125 0.078125
0 0.85390625 0.046875 0.0421875 0.05
0 0.35703125 0.2734375 0.125 0.115625
0 0.703125 0.39921875 0.075 0.1125
0 0.353125 0.38828125 0.05625 0.084375
0 0.265625 0.3859375 0.1109375 0.175
0 0.8703125 0.475 0.0953125 0.1203125
0 0.11953125 0.48046875 0.0625 0.0984375
0 0.17890625 0.49453125 0.0609375 0.11875
0 0.0640625 0.49296875 0.096875 0.2140625