0 0.4140625 0.47109375 0.0390625 0.0421875
0 0.15234375 0.53515625 0.034375 0.0234375
0 0.35234375 0.4890625 0.0546875 0.0359375
0 0.41640625 0.490625 0.059375 0.0421875
0 0.596875 0.4625 0.0296875 0.01875
0 0.5375 0.4796875 0.0421875 0.053125
0 0.415625 0.51953125 0.0484375 0.04375
0 0.49453125 0.50625 0.0421875 0.0328125
0 0.3609375 0.54609375 0.046875 0.034375
0 0.59140625 0.49921875 0.0328125 0.0359375
0 0.48125 0.52890625 0.040625 0.0296875
0 0.5859375 0.52890625 0.0375 0.0328125
0 0.9671875 0.5234375 0.0421875 0.0375
0 0.59140625 0.12578125 0.0375 0.0328125
0 0.6234375 0.1296875 0.021875 0.025
0 0.625 0.15859375 0.0421875 0.0328125
0 0.6109375 0.22890625 0.046875 0.034375
0 0.153125 0.45078125 0.04375 0.0421875
0 0.23046875 0.45703125 0.025 0.034375
0 0.2078125 0.49140625 0.0265625 0.021875
0 0.296875 0.47109375 0.0578125 0.053125
0 0.35078125 0.4609375 0.046875 0.0390625
0 0.24453125 0.48984375 0.0296875 0.034375