0 0.29609375 0.3125 0.059375 0.0609375
0 0.7109375 0.4453125 0.0515625 0.046875
0 0.6578125 0.50546875 0.0546875 0.0453125
0 0.59921875 0.7625 0.053125 0.04375
0 0.91015625 0.8625 0.0578125 0.046875
0 0.3203125 0.1046875 0.0421875 0.0265625
0 0.01484375 0.4796875 0.0296875 0.046875
0 0.86875 0.334375 0.0546875 0.0359375
0 0.28515625 0.6265625 0.046875 0.0609375
0 0.41953125 0.32890625 0.0359375 0.0328125
0 0.07890625 0.34921875 0.040625 0.034375
0 0.10625 0.29765625 0.0421875 0.0515625
0 0.14453125 0.978125 0.034375 0.0296875