0 0.97109375 0.4921875 0.0546875 0.059375
0 0.59296875 0.521875 0.0390625 0.0375
0 0.596875 0.4875 0.046875 0.0453125
0 0.5953125 0.215625 0.040625 0.046875
0 0.61015625 0.15078125 0.053125 0.05
0 0.59609375 0.1171875 0.0390625 0.0421875
0 0.56328125 0.11875 0.053125 0.0578125
0 0.53203125 0.47890625 0.0640625 0.06875
0 0.47890625 0.53203125 0.040625 0.034375
0 0.49375 0.5078125 0.0640625 0.0546875
0 0.36171875 0.54921875 0.0484375 0.0421875
0 0.15703125 0.5609375 0.040625 0.040625
0 0.14609375 0.4734375 0.04375 0.04375
0 0.2078125 0.5140625 0.034375 0.0375
0 0.41484375 0.49921875 0.084375 0.103125
0 0.34921875 0.48671875 0.0734375 0.0765625
0 0.29296875 0.48671875 0.0671875 0.0671875
0 0.2328125 0.4921875 0.0515625 0.071875