0 0.6703125 0.16953125 0.0421875 0.0875
0 0.771875 0.221875 0.0296875 0.0609375
0 0.44609375 0.15234375 0.0203125 0.04375
0 0.60390625 0.23671875 0.025 0.04375
0 0.40703125 0.26328125 0.04375 0.0953125
0 0.1640625 0.22421875 0.0359375 0.0546875
0 0.578125 0.31640625 0.0296875 0.0609375
0 0.74765625 0.35234375 0.0328125 0.0765625
0 0.209375 0.2375 0.0296875 0.0609375
0 0.6328125 0.3328125 0.03125 0.053125
0 0.5203125 0.3125 0.0296875 0.0453125
0 0.48828125 0.028125 0.0453125 0.05625
0 0.45078125 0.42578125 0.0296875 0.0296875
0 0.1125 0.3578125 0.03125 0.053125
0 0.25546875 0.38828125 0.0421875 0.0875
0 0.30703125 0.39921875 0.03125 0.053125
0 0.48828125 0.4421875 0.0390625 0.09375
0 0.20234375 0.38203125 0.0296875 0.0453125
0 0.540625 0.4828125 0.0390625 0.0546875
0 0.59453125 0.49453125 0.03125 0.053125
0 0.65546875 0.5328125 0.0375 0.0859375
0 0.09140625 0.4171875 0.040625 0.0640625
0 0.46484375 0.53515625 0.034375 0.06875
0 0.1265625 0.46328125 0.0453125 0.103125
0 0.16875 0.48046875 0.0421875 0.071875
0 0.2703125 0.51953125 0.0421875 0.0875
0 0.21171875 0.51171875 0.04375 0.0953125
0 0.4125 0.5671875 0.04375 0.05625
0 0.509375 0.60859375 0.04375 0.1109375
0 0.30234375 0.5859375 0.0421875 0.071875
0 0.07421875 0.58828125 0.0359375 0.0546875
0 0.234375 0.63125 0.046875 0.071875
0 0.12578125 0.61171875 0.034375 0.0453125
0 0.55 0.70546875 0.0515625 0.1125
0 0.61171875 0.71953125 0.0265625 0.0671875
0 0.17421875 0.6265625 0.0390625 0.0703125
0 0.8953125 0.7875 0.0296875 0.0453125
0 0.48515625 0.7015625 0.034375 0.06875
0 0.9421875 0.8015625 0.0171875 0.0421875
0 0.4234375 0.7046875 0.0546875 0.0890625
0 0.2578125 0.70390625 0.0234375 0.0359375
0 0.0765625 0.6875 0.0265625 0.028125