0 0.9703125 0.50859375 0.053125 0.059375
0 0.5921875 0.525 0.0375 0.0359375
0 0.596875 0.490625 0.046875 0.04375
0 0.60546875 0.21953125 0.040625 0.0453125
0 0.621875 0.15546875 0.053125 0.0484375
0 0.609375 0.1203125 0.0390625 0.0421875
0 0.5765625 0.12109375 0.053125 0.0578125
0 0.5328125 0.4796875 0.0625 0.0671875
0 0.47734375 0.53125 0.040625 0.0328125
0 0.49296875 0.5078125 0.0640625 0.053125
0 0.359375 0.54375 0.046875 0.040625
0 0.1546875 0.5484375 0.040625 0.040625
0 0.14765625 0.4609375 0.04375 0.0421875
0 0.2078125 0.50390625 0.034375 0.0359375
0 0.41484375 0.49609375 0.08125 0.1015625
0 0.35 0.48125 0.071875 0.075
0 0.29375 0.47890625 0.065625 0.065625
0 0.23359375 0.4828125 0.05 0.071875