0 0.471875 0.67734375 0.153125 0.190625
0 0.56484375 0.784375 0.0875 0.11875
0 0.3671875 0.77734375 0.059375 0.125
0 0.43984375 0.81484375 0.071875 0.125
0 0.2625 0.92109375 0.0828125 0.1109375
0 0.60703125 0.2046875 0.05625 0.0765625
0 0.8453125 0.040625 0.0421875 0.0484375
0 0.353125 0.27578125 0.1234375 0.1140625
0 0.70078125 0.3953125 0.0734375 0.1109375
0 0.35078125 0.390625 0.0546875 0.084375
0 0.2640625 0.38984375 0.109375 0.1734375
0 0.8703125 0.46875 0.09375 0.11875
0 0.11875 0.48671875 0.0609375 0.096875
0 0.17890625 0.50078125 0.059375 0.1171875
0 0.0640625 0.50078125 0.0921875 0.2140625