0 0.61328125 0.59609375 0.1171875 0.34375
0 0.34609375 0.3375 0.134375 0.0625
0 0.50546875 0.3109375 0.1265625 0.053125
0 0.4875 0.2203125 0.14375 0.065625
0 0.33125 0.24296875 0.1421875 0.0671875
0 0.53515625 0.4453125 0.0453125 0.0421875
0 0.04453125 0.390625 0.0890625 0.05
0 0.0375 0.29765625 0.075 0.0484375
0 0.8515625 0.3890625 0.0546875 0.0390625
0 0.6953125 0.41875 0.0453125 0.034375
0 0.3703125 0.478125 0.04375 0.04375
0 0.20078125 0.50390625 0.04375 0.034375
0 0.12734375 0.278125 0.05625 0.0515625
0 0.41875 0.1609375 0.0296875 0.0640625
0 0.26015625 0.1890625 0.0265625 0.0625
0 0.91796875 0.1359375 0.0640625 0.0421875
0 0.046875 0.53828125 0.05 0.0421875