0 0.54140625 0.67109375 0.1765625 0.1953125
0 0.65390625 0.74140625 0.1109375 0.115625
0 0.48671875 0.82578125 0.0953125 0.1109375
0 0.55078125 0.8171875 0.08125 0.0953125
0 0.4359375 0.9609375 0.0875 0.078125
0 0.49453125 0.19296875 0.0640625 0.084375
0 0.53984375 0.22421875 0.05625 0.0640625
0 0.2546875 0.34921875 0.0703125 0.0859375
0 0.3109375 0.33828125 0.0625 0.0828125
0 0.21953125 0.46015625 0.071875 0.075
0 0.64765625 0.334375 0.0671875 0.084375
0 0.32109375 0.45546875 0.0640625 0.071875
0 0.07421875 0.5421875 0.0734375 0.0875
0 0.2703125 0.50390625 0.0734375 0.0640625
0 0.84296875 0.3421875 0.0859375 0.1015625
0 0.08515625 0.6421875 0.096875 0.146875
0 0.13984375 0.62734375 0.06875 0.075
0 0.19453125 0.6171875 0.0671875 0.0953125
0 0.12734375 0.7171875 0.08125 0.0890625