0 0.48203125 0.12890625 0.05 0.0875
0 0.59609375 0.12265625 0.034375 0.0609375
0 0.2796875 0.22578125 0.025 0.04375
0 0.45859375 0.2203125 0.0296875 0.0453125
0 0.3015625 0.34140625 0.053125 0.0953125
0 0.07109375 0.42890625 0.040625 0.05625
0 0.47578125 0.3015625 0.034375 0.0609375
0 0.640625 0.2484375 0.0390625 0.0765625
0 0.1171875 0.41796875 0.034375 0.0609375
0 0.53125 0.28828125 0.0359375 0.0546875
0 0.42421875 0.32734375 0.0328125 0.0453125
0 0.25234375 0.09453125 0.05 0.065625
0 0.4203125 0.46015625 0.0328125 0.03125
0 0.09296875 0.5703125 0.0359375 0.0546875
0 0.23203125 0.52578125 0.05 0.0875
0 0.2828125 0.50859375 0.0359375 0.0546875
0 0.4609375 0.45625 0.0484375 0.09375
0 0.1828125 0.54609375 0.0328125 0.0453125
0 0.5265625 0.46484375 0.04375 0.05625
0 0.57890625 0.44765625 0.0359375 0.0546875
0 0.65078125 0.45078125 0.0453125 0.0859375
0 0.1046875 0.6328125 0.046875 0.065625
0 0.48671875 0.54765625 0.040625 0.0703125
0 0.15859375 0.6546875 0.0546875 0.103125
0 0.203125 0.64921875 0.0484375 0.071875
0 0.3109375 0.63125 0.05 0.0875
0 0.25625 0.65390625 0.053125 0.0953125
0 0.4578125 0.6015625 0.046875 0.0578125
0 0.5625 0.5890625 0.053125 0.109375
0 0.37109375 0.6734375 0.0484375 0.071875
0 0.175 0.78984375 0.040625 0.05625
0 0.33515625 0.746875 0.053125 0.0734375
0 0.23203125 0.784375 0.0375 0.046875
0 0.64609375 0.653125 0.0625 0.1125
0 0.70625 0.634375 0.0328125 0.0671875
0 0.28125 0.77265625 0.0453125 0.071875
0 0.984375 0.55078125 0.03125 0.0453125
0 0.5875 0.68203125 0.040625 0.0703125
0 0.53671875 0.715625 0.0625 0.090625
0 0.3921875 0.79765625 0.0265625 0.0375
0 0.22734375 0.8734375 0.028125 0.0296875