0 0.7078125 0.63984375 0.009375 0.0328125
0 0.6421875 0.64140625 0.009375 0.0390625
0 0.2359375 0.634375 0.01875 0.025
0 0.6921875 0.6546875 0.015625 0.0390625
0 0.92734375 0.659375 0.021875 0.025
0 0.628125 0.65703125 0.0125 0.0328125
0 0.9796875 0.6671875 0.009375 0.0390625
0 0.67890625 0.67421875 0.015625 0.0390625
0 0.66484375 0.67734375 0.0125 0.0328125
0 0.85390625 0.68046875 0.021875 0.0453125
0 0.44375 0.6828125 0.015625 0.025
0 0.65078125 0.6921875 0.009375 0.0390625
0 0.8875 0.7 0.01875 0.0328125
0 0.63671875 0.7015625 0.0125 0.0453125
0 0.365625 0.71953125 0.01875 0.0390625
0 0.91015625 0.72890625 0.015625 0.025
0 0.89140625 0.74765625 0.009375 0.025
0 0.81171875 0.77109375 0.009375 0.025
0 0.425 0.7671875 0.01875 0.0328125
0 0.825 0.815625 0.0265625 0.0515625
0 0.92421875 0.83046875 0.0171875 0.0640625
0 0.33203125 0.83515625 0.01875 0.0453125
0 0.8890625 0.85859375 0.009375 0.01875
0 0.4390625 0.85390625 0.0203125 0.0515625
0 0.69921875 0.87109375 0.01875 0.0390625
0 0.6859375 0.8859375 0.0125 0.0328125
0 0.7984375 0.88828125 0.01875 0.0453125
0 0.40234375 0.8875 0.015625 0.0328125
0 0.90390625 0.89921875 0.009375 0.025
0 0.76875 0.903125 0.015625 0.025
0 0.1984375 0.89296875 0.021875 0.0390625
0 0.88671875 0.91875 0.0125 0.025
0 0.309375 0.91171875 0.025 0.0453125
0 0.415625 0.92578125 0.0125 0.0328125
0 0.73984375 0.9375 0.015625 0.0328125
0 0.4015625 0.94453125 0.015625 0.0328125
0 0.24765625 0.96328125 0.021875 0.0390625
0 0.7890625 0.99296875 0.009375 0.0140625
0 0.71875 0.37421875 0.015625 0.0453125
0 0.6984375 0.3796875 0.0125 0.0328125
0 0.21640625 0.4 0.015625 0.025
0 0.19609375 0.415625 0.01875 0.0328125
0 0.77734375 0.42890625 0.015625 0.0390625
0 0.678125 0.45546875 0.01875 0.0328125
0 0.74375 0.459375 0.0125 0.025
0 0.2734375 0.4546875 0.0125 0.01875
0 0.17421875 0.47890625 0.015625 0.0453125
0 0.24609375 0.4890625 0.015625 0.025
0 0.67109375 0.509375 0.025 0.0390625
0 0.80390625 0.51171875 0.0234375 0.0515625
0 0.30625 0.53203125 0.0125 0.0453125
0 0.753125 0.54609375 0.015625 0.0328125
0 0.1640625 0.5421875 0.021875 0.0328125
0 0.7421875 0.5578125 0.0125 0.0453125
0 0.7296875 0.5640625 0.0125 0.0328125
0 0.71015625 0.5796875 0.0125 0.0390625
0 0.76171875 0.58984375 0.015625 0.0328125
0 0.69921875 0.59140625 0.015625 0.0390625
0 0.68671875 0.6046875 0.015625 0.0390625
0 0.940625 0.609375 0.015625 0.0390625
0 0.74921875 0.609375 0.015625 0.0328125
0 0.734375 0.61484375 0.0125 0.0328125
0 0.22578125 0.60625 0.009375 0.0328125
0 0.6671875 0.6171875 0.015625 0.0390625
0 0.2109375 0.6125 0.00625 0.0328125
0 0.45859375 0.62265625 0.01875 0.0328125
0 0.7234375 0.63046875 0.015625 0.0390625
0 0.6546875 0.63203125 0.015625 0.0453125