0 0.4703125 0.2453125 0.075 0.0515625
0 0.3953125 0.7359375 0.1359375 0.15625
0 0.4171875 0.5875 0.05625 0.05
0 0.353125 0.6046875 0.0390625 0.046875
0 0.75 0.86953125 0.1265625 0.0671875
0 0.8125 0.32265625 0.0390625 0.0578125
0 0.7671875 0.13046875 0.0609375 0.090625
0 0.8796875 0.784375 0.0734375 0.0796875
0 0.87109375 0.715625 0.075 0.059375
0 0.83515625 0.59296875 0.046875 0.053125
0 0.8375 0.53671875 0.040625 0.046875
0 0.4640625 0.4078125 0.059375 0.071875
0 0.3765625 0.36484375 0.05 0.0375
0 0.7140625 0.82890625 0.04375 0.053125
0 0.7625 0.80546875 0.0703125 0.0703125
0 0.73125 0.640625 0.046875 0.0734375
0 0.38671875 0.9078125 0.0640625 0.0515625
0 0.7703125 0.484375 0.059375 0.0484375
0 0.74140625 0.45078125 0.0390625 0.04375
0 0.7625 0.2765625 0.0390625 0.046875
0 0.409375 0.3953125 0.05 0.0453125
0 0.32265625 0.43203125 0.0703125 0.078125
0 0.34296875 0.5515625 0.1375 0.0671875
0 0.47265625 0.52421875 0.0390625 0.046875
0 0.54296875 0.38203125 0.0484375 0.0359375
0 0.65234375 0.34453125 0.1484375 0.071875
0 0.55078125 0.33125 0.05 0.046875
0 0.65859375 0.29296875 0.146875 0.0765625