0 0.45703125 0.246875 0.075 0.0546875
0 0.4078125 0.74140625 0.1421875 0.159375
0 0.421875 0.5921875 0.0578125 0.053125
0 0.35859375 0.6125 0.040625 0.0484375
0 0.76953125 0.85546875 0.1265625 0.0734375
0 0.80234375 0.30625 0.040625 0.0578125
0 0.74765625 0.11640625 0.0640625 0.0921875
0 0.89453125 0.7640625 0.0765625 0.08125
0 0.88203125 0.69609375 0.0765625 0.0625
0 0.83984375 0.57578125 0.05 0.053125
0 0.8390625 0.51875 0.0421875 0.0484375
0 0.459375 0.409375 0.0625 0.0734375
0 0.36953125 0.371875 0.05 0.0390625
0 0.73046875 0.8171875 0.0453125 0.0546875
0 0.778125 0.79140625 0.071875 0.071875
0 0.73828125 0.62890625 0.05 0.0734375
0 0.40859375 0.91328125 0.065625 0.053125
0 0.76953125 0.46953125 0.0609375 0.05
0 0.73828125 0.43828125 0.040625 0.0453125
0 0.75 0.26328125 0.040625 0.0484375
0 0.40390625 0.40078125 0.0515625 0.046875
0 0.31953125 0.44140625 0.071875 0.0796875
0 0.34609375 0.56015625 0.1375 0.0734375
0 0.4734375 0.52578125 0.040625 0.0484375
0 0.53671875 0.38046875 0.05 0.0375
0 0.64375 0.33671875 0.15 0.0796875
0 0.5421875 0.32890625 0.0515625 0.0484375
0 0.64765625 0.28515625 0.146875 0.0828125