0 0.7703125 0.3171875 0.0578125 0.075
0 0.7140625 0.115625 0.0703125 0.096875
0 0.853125 0.79375 0.121875 0.1390625
0 0.69375 0.94296875 0.1546875 0.08125
0 0.8 0.62265625 0.059375 0.0578125
0 0.6625 0.6796875 0.075 0.0953125
0 0.68671875 0.8890625 0.134375 0.084375
0 0.80078125 0.5578125 0.1046875 0.075
0 0.7578125 0.39296875 0.1234375 0.0859375
0 0.70859375 0.2671875 0.0625 0.0625
0 0.68515625 0.471875 0.0515625 0.05
0 0.71875 0.5046875 0.0703125 0.065625
0 0.31484375 0.4390625 0.0625 0.0703125
0 0.1921875 0.3859375 0.0875 0.084375
0 0.2515625 0.65 0.0875 0.0765625
0 0.17265625 0.67734375 0.0640625 0.0734375
0 0.175 0.7703125 0.11875 0.096875
0 0.24375 0.84140625 0.1296875 0.134375
0 0.31953125 0.26015625 0.1 0.078125
0 0.065625 0.784375 0.0359375 0.078125
0 0.1984375 0.98828125 0.071875 0.0234375
0 0.1375 0.49140625 0.0859375 0.0875
0 0.52578125 0.31953125 0.278125 0.121875
0 0.40625 0.4109375 0.065625 0.078125
0 0.54453125 0.36328125 0.2234375 0.1
0 0.2390625 0.4453125 0.078125 0.071875
0 0.29609375 0.79375 0.05 0.0796875
0 0.3234375 0.58125 0.0515625 0.0796875
0 0.8265625 0.68515625 0.10625 0.078125
0 0.33828125 0.775 0.0625 0.0859375
0 0.24921875 0.75078125 0.0828125 0.0859375
0 0.3703125 0.57265625 0.0515625 0.075
0 0.19609375 0.60703125 0.125 0.0703125
0 0.22890625 0.55390625 0.21875 0.103125
0 0.10859375 0.634375 0.1 0.06875
0 0.18671875 0.95625 0.1796875 0.0875