0 0.96875 0.628125 0.0375 0.05625
0 0.6890625 0.67265625 0.04375 0.08125
0 0.6171875 0.67421875 0.04375 0.071875
0 0.55078125 0.69921875 0.0515625 0.0890625
0 0.490625 0.71953125 0.04375 0.084375
0 0.42890625 0.590625 0.0515625 0.0671875
0 0.65390625 0.46171875 0.0328125 0.0671875
0 0.56875 0.30078125 0.0453125 0.075
0 0.59140625 0.45859375 0.053125 0.0953125
0 0.53125 0.45859375 0.0359375 0.071875
0 0.4765625 0.55234375 0.0390625 0.0953125
0 0.51171875 0.303125 0.0390625 0.071875
0 0.34609375 0.64765625 0.0390625 0.0828125
0 0.3328125 0.32421875 0.053125 0.1046875
0 0.31640625 0.0515625 0.0359375 0.059375
0 0.67578125 0.26875 0.04375 0.1109375
0 0.4296875 0.44375 0.0359375 0.0609375
0 0.4671875 0.44296875 0.0484375 0.115625
0 0.2875 0.58671875 0.046875 0.11875
0 0.2921875 0.7171875 0.046875 0.1
0 0.54375 0.13515625 0.0390625 0.0890625
0 0.5390625 0.58125 0.0453125 0.121875
0 0.6046875 0.58046875 0.0453125 0.125
0 0.5015625 0.2203125 0.034375 0.053125
0 0.65078125 0.134375 0.03125 0.065625
0 0.45234375 0.3109375 0.034375 0.053125
0 0.32265625 0.18359375 0.040625 0.0578125
0 0.23828125 0.73671875 0.0390625 0.078125
0 0.17109375 0.82890625 0.0328125 0.0546875
0 0.22890625 0.47109375 0.04375 0.096875
0 0.234375 0.6140625 0.0484375 0.1125
0 0.184375 0.7234375 0.0546875 0.1171875
0 0.13671875 0.71875 0.0515625 0.109375
0 0.18203125 0.59296875 0.05 0.125
0 0.18046875 0.4921875 0.0328125 0.05625
0 0.134375 0.35625 0.0359375 0.065625
0 0.08984375 0.359375 0.0421875 0.0796875
0 0.1375 0.59375 0.0484375 0.1265625
0 0.08671875 0.5375 0.0640625 0.15625