0 0.8703125 0.8140625 0.0421875 0.059375
0 0.92109375 0.828125 0.025 0.0578125
0 0.5984375 0.7359375 0.053125 0.0828125
0 0.53203125 0.7078125 0.05 0.075
0 0.46171875 0.7015625 0.059375 0.0921875
0 0.3984375 0.6953125 0.053125 0.0859375
0 0.39765625 0.5515625 0.0578125 0.0703125
0 0.65546875 0.5296875 0.0390625 0.0671875
0 0.646875 0.3484375 0.053125 0.0765625
0 0.60078125 0.50078125 0.0625 0.0984375
0 0.54609375 0.47578125 0.04375 0.0734375
0 0.45625 0.53828125 0.0484375 0.0953125
0 0.59375 0.32578125 0.0453125 0.0734375
0 0.2984375 0.56875 0.0484375 0.0828125
0 0.42265625 0.26953125 0.0640625 0.10625
0 0.52265625 0.0234375 0.0421875 0.046875
0 0.75703125 0.36484375 0.0546875 0.1109375
0 0.459375 0.41953125 0.040625 0.0625
0 0.49453125 0.434375 0.0609375 0.1171875
0 0.27109375 0.4890625 0.059375 0.1203125
0 0.2203125 0.609375 0.0578125 0.1015625
0 0.69375 0.1875 0.05 0.090625
0 0.50078125 0.590625 0.059375 0.121875
0 0.5609375 0.6171875 0.059375 0.125
0 0.61953125 0.24765625 0.040625 0.05625
0 0.79140625 0.2328125 0.0375 0.065625
0 0.53671875 0.30859375 0.040625 0.05625
0 0.47265625 0.13828125 0.0453125 0.059375
0 0.16328125 0.60390625 0.046875 0.0796875
0 0.0625 0.659375 0.0375 0.05625
0 0.26640625 0.359375 0.053125 0.0984375
0 0.2109375 0.49140625 0.0609375 0.1140625
0 0.11953125 0.56875 0.0671875 0.11875
0 0.078125 0.54453125 0.0640625 0.1109375
0 0.171875 0.45 0.0640625 0.1265625
0 0.2140625 0.3578125 0.0390625 0.0578125
0 0.2296875 0.215625 0.0421875 0.0671875
0 0.18828125 0.19921875 0.0515625 0.08125
0 0.13203125 0.43203125 0.0625 0.1265625
0 0.109375 0.359375 0.08125 0.1578125