0 0.2125 0.49453125 0.0734375 0.0640625
0 0.12421875 0.4765625 0.05 0.05625
0 0.72109375 0.71875 0.075 0.0546875
0 0.05546875 0.54921875 0.046875 0.059375
0 0.10234375 0.565625 0.05625 0.0640625
0 0.6828125 0.76796875 0.0640625 0.0703125
0 0.54453125 0.74609375 0.08125 0.0859375
0 0.0921875 0.65234375 0.1296875 0.1234375
0 0.625 0.89453125 0.0484375 0.0609375
0 0.6734375 0.92109375 0.0640625 0.0703125
0 0.62421875 0.959375 0.1078125 0.08125
0 0.475 0.93046875 0.084375 0.0734375
0 0.02578125 0.771875 0.0515625 0.0875
0 0.403125 0.92109375 0.0546875 0.0671875
0 0.45546875 0.97734375 0.0859375 0.0453125
0 0.384375 0.9671875 0.0765625 0.0625
0 0.8859375 0.3125 0.05625 0.0640625
0 0.478125 0.20625 0.0890625 0.06875
0 0.29609375 0.23984375 0.0828125 0.0921875
0 0.6171875 0.35703125 0.253125 0.1125
0 0.796875 0.428125 0.053125 0.0578125
0 0.37109375 0.325 0.05 0.046875
0 0.6296875 0.4171875 0.165625 0.08125
0 0.3078125 0.3125 0.0640625 0.05625
0 0.47265625 0.378125 0.040625 0.04375
0 0.825 0.50234375 0.05625 0.0640625
0 0.378125 0.36171875 0.053125 0.0625
0 0.19765625 0.29921875 0.071875 0.078125
0 0.20703125 0.40546875 0.271875 0.1515625
0 0.66953125 0.58359375 0.0609375 0.0703125
0 0.678125 0.6359375 0.0765625 0.075