0 0.0546875 0.428125 0.0375 0.0703125
0 0.24765625 0.484375 0.0375 0.0703125
0 0.2921875 0.49921875 0.0296875 0.06875
0 0.51015625 0.565625 0.0296875 0.06875
0 0.48046875 0.5609375 0.03125 0.0734375
0 0.5671875 0.5890625 0.0359375 0.0796875
0 0.85078125 0.6734375 0.0390625 0.075
0 0.09375 0.51484375 0.0390625 0.075
0 0.02578125 0.5015625 0.040625 0.0796875
0 0.13203125 0.52578125 0.040625 0.0796875
0 0.35859375 0.59921875 0.034375 0.06875
0 0.6953125 0.70078125 0.0359375 0.075
0 0.896875 0.7625 0.0390625 0.075
0 0.24609375 0.046875 0.0328125 0.05
0 0.44140625 0.11015625 0.0265625 0.053125
0 0.73046875 0.18984375 0.03125 0.059375
0 0.9296875 0.26015625 0.034375 0.05625
0 0.30546875 0.115625 0.0421875 0.0578125
0 0.95625 0.26875 0.04375 0.0625
0 0.35390625 0.1296875 0.01875 0.046875
0 0.53125 0.18359375 0.034375 0.05625
0 0.56171875 0.190625 0.0265625 0.053125
0 0.60546875 0.2140625 0.03125 0.059375
0 0.71875 0.23984375 0.03125 0.059375
0 0.7515625 0.25 0.0375 0.05625
0 0.15859375 0.21015625 0.0390625 0.0609375
0 0.184375 0.221875 0.0390625 0.0609375
0 0.5234375 0.32109375 0.0515625 0.0734375
0 0.6359375 0.41796875 0.0390625 0.075
0 0.9421875 0.51015625 0.0328125 0.0640625
0 0.89765625 0.50234375 0.028125 0.0578125
0 0.91328125 0.5109375 0.0421875 0.0703125