0 0.60625 0.60390625 0.09375 0.3421875
0 0.3578125 0.32734375 0.1328125 0.053125
0 0.51875 0.31171875 0.125 0.0453125
0 0.50703125 0.2203125 0.1421875 0.05625
0 0.34921875 0.23125 0.140625 0.059375
0 0.53828125 0.44765625 0.0421875 0.0390625
0 0.0484375 0.35703125 0.096875 0.0421875
0 0.04453125 0.2640625 0.0890625 0.040625
0 0.85859375 0.4140625 0.053125 0.0359375
0 0.7 0.43203125 0.04375 0.03125
0 0.371875 0.46875 0.040625 0.040625
0 0.2015625 0.4828125 0.0421875 0.03125
0 0.14375 0.253125 0.0546875 0.0484375
0 0.4421875 0.15625 0.0265625 0.0625
0 0.28203125 0.1734375 0.0234375 0.0609375
0 0.9421875 0.165625 0.0625 0.0375
0 0.0453125 0.50703125 0.046875 0.0390625