0 0.95703125 0.6390625 0.028125 0.078125
0 0.884375 0.56640625 0.0234375 0.075
0 0.92578125 0.39140625 0.0203125 0.0609375
0 0.89765625 0.39140625 0.0203125 0.0625
0 0.8765625 0.15078125 0.0296875 0.0484375
0 0.84765625 0.1484375 0.0265625 0.05
0 0.74296875 0.6359375 0.0265625 0.0890625
0 0.53203125 0.5625 0.0203125 0.071875
0 0.471875 0.32265625 0.03125 0.0609375
0 0.390625 0.63046875 0.025 0.078125
0 0.29921875 0.55625 0.0390625 0.0765625
0 0.25390625 0.5578125 0.0296875 0.0796875
0 0.66640625 0.190625 0.0234375 0.053125
0 0.63359375 0.1671875 0.0296875 0.103125
0 0.4453125 0.1875 0.01875 0.0578125
0 0.49609375 0.559375 0.0171875 0.0671875
0 0.51875 0.6359375 0.0171875 0.0703125
0 0.11640625 0.62265625 0.0234375 0.0796875
0 0.0484375 0.61953125 0.0265625 0.0765625
0 0.1484375 0.6234375 0.0296875 0.0765625
0 0.525 0.18984375 0.01875 0.0546875
0 0.46953125 0.18984375 0.01875 0.0546875
0 0.12109375 0.31796875 0.0296875 0.0625
0 0.209375 0.184375 0.0328125 0.0578125