0 0.23359375 0.60703125 0.0640625 0.0515625
0 0.14453125 0.625 0.040625 0.05
0 0.7890625 0.615625 0.06875 0.0390625
0 0.11015625 0.71875 0.034375 0.0546875
0 0.159375 0.715625 0.04375 0.05625
0 0.77265625 0.675 0.0515625 0.0625
0 0.63671875 0.70859375 0.065625 0.075
0 0.184375 0.79921875 0.1109375 0.1015625
0 0.76953125 0.8140625 0.0375 0.0546875
0 0.82421875 0.81953125 0.0515625 0.0625
0 0.79765625 0.88359375 0.0921875 0.0828125
0 0.05859375 0.940625 0.05625 0.0796875
0 0.6453125 0.90546875 0.075 0.0578125
0 0.16171875 0.93984375 0.053125 0.0796875
0 0.575 0.92578125 0.0421875 0.0609375
0 0.10390625 0.9609375 0.040625 0.04375
0 0.65078125 0.9671875 0.0765625 0.0515625
0 0.5765625 0.975 0.0703125 0.046875
0 0.78203125 0.1765625 0.04375 0.05625
0 0.36484375 0.23828125 0.0796875 0.0515625
0 0.2109375 0.33984375 0.065625 0.08125
0 0.5515625 0.32265625 0.2578125 0.046875
0 0.74453125 0.31796875 0.04375 0.05
0 0.31328125 0.3890625 0.04375 0.0375
0 0.5875 0.3734375 0.1671875 0.040625
0 0.25 0.40234375 0.05625 0.0453125
0 0.42734375 0.3984375 0.0328125 0.0375
0 0.8 0.37578125 0.04375 0.05625
0 0.33359375 0.4203125 0.040625 0.05625
0 0.14296875 0.43359375 0.0578125 0.06875
0 0.19375 0.52734375 0.2671875 0.0890625
0 0.6890625 0.51015625 0.0484375 0.0609375
0 0.7171875 0.55546875 0.065625 0.0625