0 0.43203125 0.43984375 0.0375 0.040625
0 0.165625 0.396875 0.034375 0.021875
0 0.36796875 0.43203125 0.053125 0.034375
0 0.4265625 0.45859375 0.059375 0.0390625
0 0.60390625 0.503125 0.0296875 0.0171875
0 0.54296875 0.49609375 0.0390625 0.053125
0 0.41484375 0.48515625 0.046875 0.0421875
0 0.4921875 0.503125 0.040625 0.03125
0 0.35390625 0.4875 0.0453125 0.0328125
0 0.584375 0.534375 0.0328125 0.034375
0 0.47109375 0.51953125 0.040625 0.028125
0 0.56796875 0.56015625 0.0359375 0.03125
0 0.92109375 0.7046875 0.0421875 0.0359375
0 0.73046875 0.19140625 0.0359375 0.03125
0 0.7578125 0.2078125 0.021875 0.025
0 0.7484375 0.234375 0.040625 0.03125
0 0.7078125 0.29375 0.0453125 0.0328125
0 0.2 0.31953125 0.0421875 0.040625
0 0.26875 0.35546875 0.0234375 0.0328125
0 0.234375 0.378125 0.025 0.0203125
0 0.32421875 0.39375 0.05625 0.0515625
0 0.378125 0.40546875 0.0453125 0.0375
0 0.26875 0.390625 0.028125 0.034375