0 0.9734375 0.565625 0.0390625 0.0796875
0 0.88984375 0.50546875 0.034375 0.0765625
0 0.90390625 0.3265625 0.0296875 0.0625
0 0.87578125 0.33046875 0.0296875 0.0625
0 0.8171875 0.09609375 0.0359375 0.0515625
0 0.78828125 0.0984375 0.034375 0.053125
0 0.7609375 0.59609375 0.040625 0.090625
0 0.54140625 0.55703125 0.03125 0.071875
0 0.44453125 0.32890625 0.040625 0.0640625
0 0.41171875 0.64609375 0.0359375 0.0796875
0 0.3109375 0.58671875 0.05 0.08125
0 0.26640625 0.5953125 0.040625 0.0828125
0 0.615625 0.16875 0.03125 0.0546875
0 0.5796875 0.15078125 0.0453125 0.1046875
0 0.396875 0.2 0.028125 0.059375
0 0.50546875 0.559375 0.028125 0.0671875
0 0.53984375 0.63125 0.028125 0.0703125
0 0.13984375 0.68125 0.0359375 0.08125
0 0.07265625 0.6890625 0.0375 0.078125
0 0.171875 0.6765625 0.040625 0.078125
0 0.4765625 0.18984375 0.0265625 0.05625
0 0.421875 0.1984375 0.0265625 0.05625
0 0.09765625 0.3796875 0.0375 0.065625
0 0.1640625 0.23359375 0.040625 0.0625