0 0.953125 0.6765625 0.03125 0.0546875
0 0.66953125 0.69140625 0.0375 0.0796875
0 0.5984375 0.6859375 0.0359375 0.0703125
0 0.5296875 0.703125 0.0421875 0.0859375
0 0.46796875 0.71796875 0.0359375 0.08125
0 0.41953125 0.5828125 0.046875 0.0625
0 0.65703125 0.47734375 0.0265625 0.065625
0 0.5890625 0.309375 0.0375 0.071875
0 0.5953125 0.46875 0.04375 0.0921875
0 0.5359375 0.4625 0.0296875 0.0703125
0 0.47109375 0.55 0.0296875 0.09375
0 0.53203125 0.30546875 0.03125 0.0703125
0 0.33125 0.63125 0.03125 0.0796875
0 0.35234375 0.3078125 0.04375 0.1015625
0 0.36484375 0.034375 0.03125 0.0578125
0 0.69921875 0.28828125 0.0328125 0.109375
0 0.4359375 0.43671875 0.0296875 0.0578125
0 0.4734375 0.43984375 0.0359375 0.1140625
0 0.2796875 0.5640625 0.034375 0.1171875
0 0.27109375 0.69453125 0.0375 0.096875
0 0.58125 0.14140625 0.03125 0.0875
0 0.53046875 0.58515625 0.0328125 0.1203125
0 0.5953125 0.59140625 0.0328125 0.1234375
0 0.53046875 0.221875 0.0296875 0.0515625
0 0.68828125 0.15234375 0.025 0.0640625
0 0.47265625 0.30625 0.0296875 0.0515625
0 0.35625 0.16640625 0.034375 0.0546875
0 0.21484375 0.7078125 0.03125 0.075
0 0.13828125 0.79296875 0.028125 0.053125
0 0.23359375 0.44296875 0.034375 0.0953125
0 0.2234375 0.5859375 0.0375 0.1109375
0 0.1625 0.6890625 0.04375 0.1140625
0 0.115625 0.6796875 0.040625 0.10625
0 0.1734375 0.559375 0.0390625 0.1234375
0 0.18359375 0.45859375 0.028125 0.0546875
0 0.1515625 0.31875 0.0296875 0.0640625
0 0.10703125 0.3171875 0.0359375 0.0765625
0 0.1296875 0.55546875 0.0359375 0.125
0 0.08515625 0.49453125 0.05 0.153125