0 0.38046875 0.85390625 0.0296875 0.059375
0 0.36953125 0.93515625 0.025 0.0328125
0 0.31015625 0.9828125 0.0265625 0.034375
0 0.25703125 0.934375 0.025 0.0375
0 0.46171875 0.77265625 0.0140625 0.034375
0 0.47109375 0.68984375 0.03125 0.040625
0 0.4609375 0.95234375 0.0203125 0.040625
0 0.46171875 0.896875 0.01875 0.040625
0 0.3984375 0.73671875 0.01875 0.0390625
0 0.4765625 0.9375 0.01875 0.0234375
0 0.48828125 0.85 0.0203125 0.0265625
0 0.24609375 0.51953125 0.025 0.04375
0 0.20546875 0.4375 0.01875 0.0421875
0 0.18828125 0.45546875 0.0234375 0.0328125
0 0.17265625 0.5234375 0.0234375 0.0375
0 0.17578125 0.58203125 0.0234375 0.0421875
0 0.23046875 0.6515625 0.0171875 0.03125
0 0.3125 0.5578125 0.025 0.040625
0 0.24453125 0.62890625 0.01875 0.0375
0 0.25390625 0.66875 0.0203125 0.0265625
0 0.471875 0.63515625 0.0234375 0.046875
0 0.86015625 0.7640625 0.025 0.0390625
0 0.85 0.8375 0.0328125 0.0484375
0 0.80078125 0.89921875 0.01875 0.0421875
0 0.7484375 0.83828125 0.01875 0.0421875
0 0.73828125 0.85390625 0.0203125 0.034375
0 0.82578125 0.85546875 0.0125 0.03125
0 0.9390625 0.85859375 0.021875 0.03125
0 0.95390625 0.83828125 0.01875 0.03125
0 0.9359375 0.7953125 0.0203125 0.0375
0 0.2734375 0.490625 0.0203125 0.03125
0 0.66640625 0.48125 0.0296875 0.04375
0 0.99375 0.6 0.0125 0.0375
0 0.94375 0.5953125 0.03125 0.05625
0 0.9375 0.6734375 0.0265625 0.05
0 0.96328125 0.76484375 0.025 0.0578125
0 0.94765625 0.5421875 0.0296875 0.053125
0 0.92265625 0.69140625 0.01875 0.0375
0 0.909375 0.64296875 0.0234375 0.0390625
0 0.8734375 0.6375 0.0296875 0.0578125
0 0.85546875 0.94921875 0.0171875 0.0234375
0 0.76015625 0.38671875 0.0296875 0.040625
0 0.7984375 0.47421875 0.021875 0.046875
0 0.73515625 0.42109375 0.021875 0.0375
0 0.66796875 0.428125 0.025 0.0375
0 0.68046875 0.35859375 0.0234375 0.040625
0 0.6953125 0.340625 0.0203125 0.04375
0 0.64765625 0.6390625 0.0328125 0.059375
0 0.71015625 0.5625 0.1515625 0.16875