0 0.053125 0.4359375 0.0375 0.0703125
0 0.24765625 0.4890625 0.0375 0.0703125
0 0.2921875 0.503125 0.0296875 0.06875
0 0.51171875 0.565625 0.0296875 0.06875
0 0.48125 0.56171875 0.0296875 0.0734375
0 0.56796875 0.58828125 0.034375 0.0796875
0 0.853125 0.6671875 0.0375 0.075
0 0.09453125 0.521875 0.0375 0.075
0 0.02578125 0.509375 0.0390625 0.0796875
0 0.13203125 0.53203125 0.0390625 0.0796875
0 0.36015625 0.6015625 0.0328125 0.06875
0 0.6984375 0.696875 0.034375 0.075
0 0.9015625 0.75546875 0.0375 0.075
0 0.23828125 0.0515625 0.0328125 0.05
0 0.43515625 0.11171875 0.0265625 0.053125
0 0.725 0.1859375 0.03125 0.059375
0 0.92578125 0.25234375 0.034375 0.0546875
0 0.29921875 0.11953125 0.040625 0.05625
0 0.9515625 0.2609375 0.0421875 0.0609375
0 0.34765625 0.13203125 0.0171875 0.046875
0 0.52578125 0.1828125 0.034375 0.0546875
0 0.55625 0.1890625 0.0265625 0.053125
0 0.6 0.2125 0.03125 0.059375
0 0.7140625 0.23671875 0.03125 0.059375
0 0.74765625 0.24609375 0.0375 0.05625
0 0.15390625 0.21640625 0.0390625 0.0609375
0 0.1796875 0.22734375 0.0390625 0.0609375
0 0.5203125 0.3203125 0.0515625 0.0734375
0 0.634375 0.415625 0.0375 0.075
0 0.9421875 0.50234375 0.03125 0.0640625
0 0.89765625 0.4953125 0.0265625 0.0578125
0 0.91328125 0.50390625 0.040625 0.0703125