0 0.61015625 0.1453125 0.028125 0.084375
0 0.71953125 0.17890625 0.01875 0.059375
0 0.38671875 0.1671875 0.0140625 0.0421875
0 0.55625 0.22265625 0.01875 0.0421875
0 0.36796875 0.2828125 0.0296875 0.0921875
0 0.12109375 0.28671875 0.028125 0.0515625
0 0.5453125 0.30546875 0.01875 0.059375
0 0.71875 0.31171875 0.0203125 0.075
0 0.16796875 0.2921875 0.01875 0.059375
0 0.6015625 0.31171875 0.0234375 0.05
0 0.4875 0.31171875 0.021875 0.0421875
0 0.40625 0.03359375 0.0359375 0.059375
0 0.4390625 0.43515625 0.0265625 0.0265625
0 0.09375 0.42734375 0.0234375 0.05
0 0.23984375 0.43203125 0.028125 0.084375
0 0.29296875 0.434375 0.0234375 0.05
0 0.478125 0.4453125 0.025 0.0921875
0 0.18671875 0.43515625 0.021875 0.0421875
0 0.53671875 0.4765625 0.03125 0.0515625
0 0.5921875 0.478125 0.0234375 0.05
0 0.65859375 0.50546875 0.0234375 0.084375
0 0.0828125 0.4890625 0.03125 0.059375
0 0.47109375 0.540625 0.0234375 0.0671875
0 0.12578125 0.528125 0.0296875 0.1015625
0 0.1703125 0.53828125 0.03125 0.0671875
0 0.27734375 0.55859375 0.028125 0.084375
0 0.21796875 0.5609375 0.0296875 0.0921875
0 0.425 0.58125 0.0359375 0.0515625
0 0.528125 0.6046875 0.025 0.109375
0 0.3203125 0.61875 0.03125 0.0671875
0 0.0953125 0.6609375 0.028125 0.0515625
0 0.2609375 0.675 0.0359375 0.0671875
0 0.15078125 0.67578125 0.0265625 0.0421875
0 0.584375 0.69375 0.0328125 0.109375
0 0.64765625 0.696875 0.0140625 0.0671875
0 0.2015625 0.68125 0.028125 0.0671875
0 0.9390625 0.71484375 0.021875 0.0421875
0 0.5203125 0.70078125 0.0234375 0.0671875
0 0.98828125 0.7203125 0.0109375 0.040625
0 0.46015625 0.71484375 0.040625 0.084375
0 0.296875 0.74296875 0.01875 0.034375
0 0.115625 0.7578125 0.021875 0.025