0 0.6609375 0.69140625 0.01875 0.0328125
0 0.59765625 0.675 0.0203125 0.0390625
0 0.209375 0.55625 0.025 0.0296875
0 0.64140625 0.7015625 0.0265625 0.040625
0 0.86640625 0.7703125 0.028125 0.0296875
0 0.5796875 0.6859375 0.021875 0.034375
0 0.915625 0.79296875 0.0203125 0.0390625
0 0.62421875 0.7171875 0.0265625 0.040625
0 0.609375 0.715625 0.021875 0.034375
0 0.790625 0.77109375 0.034375 0.0484375
0 0.3953125 0.66015625 0.021875 0.028125
0 0.59140625 0.7265625 0.0203125 0.0390625
0 0.8171875 0.7984375 0.0265625 0.0359375
0 0.57578125 0.73125 0.025 0.046875
0 0.31015625 0.67421875 0.0296875 0.0421875
0 0.83125 0.83359375 0.021875 0.028125
0 0.8078125 0.8453125 0.015625 0.0265625
0 0.725 0.846875 0.015625 0.0265625
0 0.35390625 0.73671875 0.0265625 0.0359375
0 0.725 0.89296875 0.0390625 0.05625
0 0.81640625 0.934375 0.0328125 0.065625
0 0.24609375 0.7765625 0.03125 0.0484375
0 0.775 0.9515625 0.0140625 0.0203125
0 0.34375 0.8234375 0.0328125 0.0546875
0 0.5890625 0.9109375 0.0296875 0.0421875
0 0.57265625 0.92265625 0.021875 0.034375
0 0.68046875 0.95546875 0.03125 0.0484375
0 0.29921875 0.8453125 0.025 0.0359375
0 0.778125 0.990625 0.015625 0.01875
0 0.646875 0.96171875 0.021875 0.028125
0 0.1015625 0.79453125 0.0328125 0.04375
0 0.75625 0.996875 0.01875 0.00625
0 0.203125 0.84296875 0.0375 0.05
0 0.3015625 0.8859375 0.021875 0.034375
0 0.609375 0.984375 0.025 0.03125
0 0.2828125 0.9 0.025 0.0359375
0 0.1296875 0.87578125 0.0328125 0.04375
0 0.74453125 0.4390625 0.028125 0.046875
0 0.7234375 0.4390625 0.021875 0.034375
0 0.25546875 0.32578125 0.021875 0.028125
0 0.23125 0.33515625 0.0265625 0.0359375
0 0.7859375 0.5078125 0.0265625 0.040625
0 0.68359375 0.50625 0.0265625 0.0359375
0 0.7453125 0.528125 0.01875 0.028125
0 0.29453125 0.39375 0.0171875 0.021875
0 0.19296875 0.38984375 0.028125 0.046875
0 0.259375 0.41953125 0.021875 0.028125
0 0.66171875 0.55625 0.034375 0.04375
0 0.7890625 0.59453125 0.0359375 0.0546875
0 0.30546875 0.47734375 0.025 0.046875
0 0.73046875 0.6140625 0.025 0.0359375
0 0.165625 0.44765625 0.0296875 0.0375
0 0.71640625 0.62265625 0.025 0.046875
0 0.703125 0.625 0.021875 0.034375
0 0.68046875 0.634375 0.0234375 0.040625
0 0.7265625 0.65859375 0.025 0.0359375
0 0.66640625 0.64296875 0.0265625 0.040625
0 0.65 0.65234375 0.0265625 0.040625
0 0.89296875 0.7265625 0.0265625 0.040625
0 0.709375 0.6734375 0.025 0.0359375
0 0.69375 0.675 0.021875 0.034375
0 0.20703125 0.5265625 0.01875 0.0328125
0 0.62890625 0.65859375 0.0265625 0.040625
0 0.19140625 0.528125 0.015625 0.0328125
0 0.4265625 0.60625 0.0265625 0.0359375
0 0.67890625 0.68671875 0.0265625 0.040625
0 0.6125 0.6703125 0.028125 0.046875