0 0.81171875 0.4046875 0.046875 0.06875
0 0.8171875 0.1953125 0.0546875 0.090625
0 0.75234375 0.884375 0.1015625 0.1234375
0 0.55625 0.9765625 0.15 0.046875
0 0.7515625 0.7046875 0.0515625 0.05
0 0.603125 0.71875 0.059375 0.0875
0 0.56484375 0.9265625 0.128125 0.0625
0 0.77109375 0.64296875 0.096875 0.0578125
0 0.77734375 0.4734375 0.1140625 0.0671875
0 0.7671875 0.33828125 0.0546875 0.0546875
0 0.68515625 0.52734375 0.0453125 0.0421875
0 0.7078125 0.56796875 0.0609375 0.05625
0 0.340625 0.3875 0.0515625 0.0640625
0 0.2390625 0.30078125 0.0765625 0.071875
0 0.21875 0.5703125 0.078125 0.0640625
0 0.134375 0.57421875 0.053125 0.065625
0 0.11015625 0.66328125 0.1078125 0.0796875
0 0.15546875 0.7515625 0.1109375 0.1171875
0 0.39765625 0.21796875 0.090625 0.0625
0 0.00625 0.64453125 0.0125 0.0765625
0 0.0625 0.90078125 0.0625 0.0609375
0 0.15546875 0.3859375 0.075 0.075
0 0.57734375 0.33515625 0.275 0.071875
0 0.4359375 0.3875 0.053125 0.071875
0 0.5828125 0.38203125 0.2203125 0.0609375
0 0.26640625 0.37109375 0.06875 0.0609375
0 0.21953125 0.721875 0.0359375 0.075
0 0.3078125 0.52578125 0.0390625 0.075
0 0.7578125 0.77265625 0.0984375 0.0609375
0 0.26484375 0.715625 0.05 0.078125
0 0.18671875 0.66640625 0.0703125 0.075
0 0.3546875 0.53125 0.0390625 0.0703125
0 0.178125 0.51328125 0.1203125 0.0484375
0 0.225 0.47265625 0.215625 0.065625
0 0.0859375 0.5140625 0.09375 0.0515625
0 0.0703125 0.87109375 0.140625 0.1140625