0 0.37265625 0.25390625 0.0484375 0.05
0 0.71640625 0.52109375 0.04375 0.0359375
0 0.64609375 0.559375 0.046875 0.034375
0 0.503125 0.78046875 0.046875 0.0328125
0 0.76171875 0.98125 0.0515625 0.034375
0 0.465625 0.0671875 0.040625 0.015625
0 0.03828125 0.31015625 0.05 0.034375
0 0.90390625 0.4703125 0.0515625 0.0234375
0 0.2546875 0.5453125 0.034375 0.0546875
0 0.4828125 0.31171875 0.0296875 0.0265625
0 0.15546875 0.2140625 0.0359375 0.0265625
0 0.19921875 0.175 0.03125 0.046875
0 0.0078125 0.82734375 0.015625 0.0234375