0 0.2640625 0.6640625 0.071875 0.0625
0 0.18203125 0.7015625 0.05 0.05625
0 0.8078125 0.546875 0.075 0.053125
0 0.16953125 0.80078125 0.0453125 0.059375
0 0.21640625 0.78671875 0.0546875 0.0625
0 0.80546875 0.609375 0.0625 0.0703125
0 0.68046875 0.67265625 0.078125 0.084375
0 0.259375 0.8625 0.128125 0.1203125
0 0.8328125 0.7453125 0.0484375 0.0609375
0 0.8875 0.73828125 0.0625 0.0703125
0 0.8765625 0.80625 0.10625 0.0984375
0 0.7328125 0.8625 0.0828125 0.071875
0 0.26953125 0.98046875 0.0671875 0.0390625
0 0.66875 0.89765625 0.053125 0.0671875
0 0.75234375 0.92109375 0.084375 0.0671875
0 0.68125 0.9453125 0.0765625 0.059375
0 0.70234375 0.12109375 0.0546875 0.0625
0 0.309375 0.27578125 0.0875 0.0671875
0 0.18203125 0.409375 0.08125 0.090625
0 0.5109375 0.315625 0.2546875 0.103125
0 0.69765625 0.2671875 0.053125 0.05625
0 0.29296875 0.434375 0.0484375 0.0453125
0 0.55703125 0.35703125 0.1671875 0.0765625
0 0.234375 0.4609375 0.0640625 0.0546875
0 0.40625 0.41796875 0.0390625 0.0421875
0 0.7640625 0.31171875 0.0546875 0.0625
0 0.3203125 0.459375 0.0515625 0.0625
0 0.13671875 0.515625 0.0703125 0.078125
0 0.2078125 0.59609375 0.271875 0.14375
0 0.6859375 0.46796875 0.059375 0.06875
0 0.7234375 0.50546875 0.075 0.0734375