0 0.5390625 0.671875 0.1734375 0.19375
0 0.65 0.74453125 0.109375 0.115625
0 0.48125 0.825 0.0953125 0.1109375
0 0.54453125 0.81796875 0.0796875 0.0953125
0 0.42734375 0.96015625 0.0859375 0.0796875
0 0.5 0.19296875 0.0640625 0.084375
0 0.5453125 0.225 0.0546875 0.0640625
0 0.25703125 0.34453125 0.06875 0.0859375
0 0.3140625 0.334375 0.0609375 0.0828125
0 0.21953125 0.4546875 0.071875 0.075
0 0.65 0.3375 0.0671875 0.084375
0 0.321875 0.45234375 0.0625 0.071875
0 0.0734375 0.53515625 0.071875 0.0859375
0 0.2703125 0.5 0.0734375 0.0640625
0 0.84609375 0.3484375 0.084375 0.1015625
0 0.0828125 0.63515625 0.0953125 0.146875
0 0.1375 0.62109375 0.06875 0.0734375
0 0.19296875 0.61171875 0.065625 0.0953125
0 0.1234375 0.7109375 0.08125 0.0890625