0 0.921875 0.7234375 0.034375 0.0796875
0 0.86484375 0.6390625 0.0296875 0.075
0 0.9390625 0.475 0.0265625 0.0609375
0 0.91171875 0.46953125 0.025 0.0625
0 0.93671875 0.22890625 0.0328125 0.0515625
0 0.90859375 0.22109375 0.03125 0.0515625
0 0.7125 0.6796875 0.034375 0.0890625
0 0.51953125 0.5671875 0.0265625 0.071875
0 0.50625 0.3203125 0.0375 0.0625
0 0.3671875 0.60703125 0.03125 0.078125
0 0.2921875 0.51640625 0.0453125 0.0796875
0 0.24765625 0.509375 0.0359375 0.08125
0 0.721875 0.228125 0.0265625 0.053125
0 0.69453125 0.19921875 0.0375 0.1046875
0 0.50625 0.1828125 0.0234375 0.059375
0 0.48515625 0.5578125 0.0234375 0.0671875
0 0.4921875 0.63671875 0.0234375 0.0703125
0 0.1 0.546875 0.0296875 0.08125
0 0.034375 0.53125 0.0328125 0.078125
0 0.13125 0.55390625 0.0359375 0.078125
0 0.58359375 0.2 0.0234375 0.05625
0 0.5296875 0.18984375 0.0234375 0.05625
0 0.16328125 0.24921875 0.034375 0.0640625
0 0.275 0.134375 0.0375 0.0609375