0 0.71875 0.5296875 0.0359375 0.028125
0 0.64453125 0.55390625 0.059375 0.034375
0 0.259375 0.546875 0.01875 0.046875
0 0.47265625 0.06484375 0.0359375 0.021875
0 0.50078125 0.78203125 0.0515625 0.0390625
0 0.0046875 0.81875 0.009375 0.021875
0 0.753125 0.9828125 0.04375 0.0328125
0 0.19765625 0.096875 0.025 0.021875
0 0.16875 0.09765625 0.028125 0.0171875
0 0.95546875 0.1421875 0.0234375 0.0734375
0 0.88828125 0.14296875 0.0265625 0.0734375
0 0.921875 0.1484375 0.01875 0.0671875
0 0.78125 0.15078125 0.021875 0.046875
0 0.2015625 0.1796875 0.025 0.021875
0 0.51171875 0.20078125 0.0203125 0.021875
0 0.159375 0.20625 0.028125 0.0171875
0 0.79609375 0.04296875 0.01875 0.046875
0 0.371875 0.253125 0.0484375 0.0390625
0 0.73671875 0.0453125 0.0140625 0.0578125
0 0.48515625 0.3109375 0.0171875 0.0171875
0 0.0421875 0.30546875 0.04375 0.021875
0 0.30078125 0.321875 0.0203125 0.0171875
0 0.76640625 0.0546875 0.015625 0.0625
0 0.91484375 0.48046875 0.04375 0.0328125