0 0.56796875 0.25234375 0.0734375 0.05
0 0.3140625 0.6796875 0.1328125 0.153125
0 0.390625 0.55078125 0.05625 0.05
0 0.32421875 0.5421875 0.0375 0.0453125
0 0.59375 0.9359375 0.125 0.0640625
0 0.85546875 0.45234375 0.0375 0.05625
0 0.8859375 0.25703125 0.0578125 0.090625
0 0.74609375 0.90625 0.071875 0.078125
0 0.76328125 0.8390625 0.0734375 0.0578125
0 0.77578125 0.71171875 0.046875 0.0515625
0 0.79921875 0.6609375 0.0390625 0.046875
0 0.5015625 0.40078125 0.0578125 0.071875
0 0.4359375 0.328125 0.0484375 0.0359375
0 0.575 0.88515625 0.0421875 0.0515625
0 0.62890625 0.88125 0.06875 0.06875
0 0.66171875 0.7171875 0.0453125 0.071875
0 0.2421875 0.8359375 0.0640625 0.05
0 0.75703125 0.58671875 0.0578125 0.046875
0 0.7421875 0.5453125 0.0375 0.04375
0 0.82734375 0.39140625 0.0375 0.046875
0 0.4546875 0.36875 0.05 0.04375
0 0.3609375 0.37109375 0.0671875 0.0765625
0 0.33515625 0.4890625 0.1375 0.0640625
0 0.465625 0.5125 0.0375 0.046875
0 0.58359375 0.40703125 0.0484375 0.034375
0 0.69921875 0.41328125 0.1484375 0.0671875
0 0.6109375 0.3625 0.05 0.0453125
0 0.725 0.3671875 0.146875 0.071875