0 0.70390625 0.58515625 0.040625 0.034375
0 0.62578125 0.5890625 0.0640625 0.046875
0 0.25546875 0.4828125 0.0296875 0.0484375
0 0.5859375 0.07265625 0.0390625 0.0296875
0 0.428125 0.77265625 0.059375 0.05
0 0.3125 0.0328125 0.028125 0.0265625
0 0.284375 0.02578125 0.03125 0.0234375
0 0.9671875 0.25546875 0.04375 0.075
0 0.98984375 0.26875 0.0203125 0.06875
0 0.86171875 0.2359375 0.0328125 0.05
0 0.29453125 0.1140625 0.028125 0.0265625
0 0.5890625 0.2140625 0.025 0.025
0 0.246875 0.128125 0.03125 0.0234375
0 0.9046875 0.13515625 0.0296875 0.0484375
0 0.440625 0.228125 0.0546875 0.0484375
0 0.84609375 0.121875 0.028125 0.0578125
0 0.534375 0.31328125 0.0203125 0.0203125
0 0.10859375 0.19375 0.046875 0.0328125
0 0.353125 0.2765625 0.0234375 0.0203125
0 0.87265625 0.1390625 0.0296875 0.0625
0 0.90546875 0.58828125 0.05 0.0421875