0 0.4375 0.86796875 0.0375 0.0609375
0 0.4390625 0.95 0.0296875 0.0359375
0 0.3890625 0.99453125 0.03125 0.0109375
0 0.328125 0.9671875 0.0296875 0.040625
0 0.5046875 0.775 0.01875 0.034375
0 0.5015625 0.6921875 0.0359375 0.04375
0 0.53203125 0.953125 0.0265625 0.0421875
0 0.52421875 0.89765625 0.025 0.0421875
0 0.43671875 0.75 0.025 0.040625
0 0.5453125 0.9359375 0.0203125 0.025
0 0.54296875 0.84765625 0.0234375 0.028125
0 0.2515625 0.55859375 0.0296875 0.0453125
0 0.2 0.484375 0.025 0.04375
0 0.18515625 0.5046875 0.028125 0.034375
0 0.1796875 0.575 0.028125 0.0390625
0 0.1921875 0.63203125 0.0296875 0.04375
0 0.2578125 0.6921875 0.021875 0.0328125
0 0.32421875 0.5859375 0.0296875 0.04375
0 0.26796875 0.6671875 0.0234375 0.0390625
0 0.28359375 0.70546875 0.0234375 0.028125
0 0.49296875 0.6375 0.0296875 0.0484375
0 0.896875 0.7046875 0.03125 0.0421875
0 0.8984375 0.778125 0.0390625 0.0515625
0 0.859375 0.846875 0.025 0.0421875
0 0.7984375 0.7953125 0.0234375 0.0421875
0 0.790625 0.8125 0.025 0.0359375
0 0.87734375 0.8 0.0171875 0.03125
0 0.98828125 0.78515625 0.0234375 0.0328125
0 0.9953125 0.7625 0.009375 0.03125
0 0.9765625 0.7234375 0.025 0.0390625
0 0.275 0.5265625 0.0234375 0.0328125
0 0.6609375 0.45546875 0.0359375 0.0453125
0 0.953125 0.52421875 0.0390625 0.0578125
0 0.959375 0.603125 0.0328125 0.0515625
0 0.99140625 0.68828125 0.0171875 0.0578125
0 0.9484375 0.47109375 0.0375 0.0546875
0 0.94765625 0.62265625 0.0234375 0.0390625
0 0.92734375 0.57734375 0.028125 0.040625
0 0.890625 0.57734375 0.0375 0.059375
0 0.921875 0.8875 0.0203125 0.025
0 0.7390625 0.34765625 0.034375 0.0421875
0 0.790625 0.428125 0.028125 0.046875
0 0.71953125 0.38515625 0.0265625 0.0390625
0 0.6546875 0.40234375 0.0296875 0.0390625
0 0.65546875 0.33203125 0.0296875 0.0421875
0 0.66796875 0.31171875 0.0265625 0.0453125
0 0.66796875 0.6140625 0.040625 0.0625
0 0.7171875 0.52890625 0.171875 0.184375