0 0.85078125 0.1375 0.040625 0.04375
0 0.859375 0.171875 0.0390625 0.040625
0 0.86875 0.20390625 0.0421875 0.046875
0 0.8796875 0.2359375 0.04375 0.0453125
0 0.88828125 0.26875 0.0453125 0.046875
0 0.89765625 0.3015625 0.040625 0.0453125
0 0.90546875 0.33046875 0.0375 0.040625
0 0.91640625 0.36484375 0.0359375 0.0390625
0 0.92421875 0.4 0.0359375 0.040625
0 0.93515625 0.43046875 0.0375 0.0421875
0 0.94453125 0.46328125 0.0421875 0.0484375
0 0.953125 0.49453125 0.034375 0.0375
0 0.16015625 0.69375 0.053125 0.053125