0 0.86328125 0.15 0.0390625 0.04375
0 0.8703125 0.184375 0.0390625 0.0390625
0 0.87890625 0.2171875 0.040625 0.0453125
0 0.8890625 0.24921875 0.0421875 0.0453125
0 0.89609375 0.2828125 0.04375 0.0453125
0 0.90390625 0.315625 0.0390625 0.04375
0 0.9109375 0.3453125 0.0359375 0.040625
0 0.92109375 0.3796875 0.0359375 0.0375
0 0.928125 0.41484375 0.034375 0.0390625
0 0.9375 0.4453125 0.0375 0.040625
0 0.94609375 0.47890625 0.040625 0.046875
0 0.953125 0.51015625 0.034375 0.0375
0 0.15390625 0.68203125 0.053125 0.053125