0 0.95390625 0.2796875 0.0359375 0.040625
0 0.95 0.3140625 0.034375 0.0359375
0 0.94765625 0.34765625 0.0359375 0.0421875
0 0.946875 0.38125 0.0390625 0.040625
0 0.94453125 0.415625 0.0390625 0.040625
0 0.94140625 0.44921875 0.0359375 0.040625
0 0.93828125 0.4796875 0.0328125 0.0375
0 0.9375 0.515625 0.03125 0.034375
0 0.9328125 0.5515625 0.03125 0.0359375
0 0.9328125 0.58359375 0.0328125 0.0375
0 0.93046875 0.61796875 0.0359375 0.04375
0 0.92734375 0.64921875 0.0296875 0.034375
0 0.11484375 0.565625 0.046875 0.046875