0 0.69609375 0.2265625 0.0046875 0.0046875
0 0.55234375 0.23828125 0.00625 0.0046875
0 0.778125 0.2234375 0.00625 0.0078125
0 0.6140625 0.23828125 0.0046875 0.00625
0 0.57109375 0.24453125 0.003125 0.0046875
0 0.44765625 0.2546875 0.0078125 0.0046875
0 0.9578125 0.22578125 0.0140625 0.0453125
0 0.19375 0.28828125 0.0078125 0.0125
0 0.29765625 0.2859375 0.0109375 0.0453125
0 0.22734375 0.29296875 0.009375 0.040625
0 0.1953125 0.3109375 0.00625 0.009375
0 0.7671875 0.015625 0.009375 0.03125
0 0.3234375 0.04375 0.0109375 0.0078125
0 0.26796875 0.04921875 0.015625 0.0109375
0 0.28515625 0.0484375 0.015625 0.0109375
0 0.90546875 0.321875 0.015625 0.0484375
0 0.19453125 0.05625 0.0125 0.0078125
0 0.70625 0.33984375 0.0125 0.0453125
0 0.2125 0.05625 0.0125 0.009375
0 0.2484375 0.05390625 0.0140625 0.009375
0 0.3046875 0.05 0.015625 0.0125
0 0.60078125 0.0296875 0.0140625 0.0390625
0 0.58203125 0.03125 0.0140625 0.040625
0 0.21953125 0.39609375 0.0046875 0.0046875
0 0.56875 0.37421875 0.0046875 0.00625
0 0.88046875 0.353125 0.0046875 0.00625
0 0.8578125 0.35703125 0.00625 0.00625
0 0.36953125 0.39296875 0.0078125 0.0046875
0 0.634375 0.375 0.0046875 0.0046875
0 0.6578125 0.3734375 0.0015625 0.0046875
0 0.503125 0.38515625 0.00625 0.00625
0 0.54765625 0.38203125 0.0046875 0.00625
0 0.59375 0.38046875 0.009375 0.00625
0 0.4359375 0.39296875 0.00625 0.0078125
0 0.48046875 0.38984375 0.0078125 0.0078125
0 0.34765625 0.40078125 0.00625 0.0046875
0 0.4640625 0.40234375 0.0078125 0.0078125
0 0.39296875 0.40859375 0.0203125 0.0109375
0 0.88359375 0.39453125 0.015625 0.0125
0 0.753125 0.02890625 0.0046875 0.009375
0 0.31796875 0.51640625 0.00625 0.0078125
0 0.68515625 0.525 0.00625 0.0046875
0 0.54140625 0.5359375 0.003125 0.0046875
0 0.51875 0.53828125 0.00625 0.00625
0 0.49453125 0.54296875 0.0046875 0.00625
0 0.23046875 0.5625 0.00625 0.00625
0 0.2796875 0.5609375 0.0078125 0.0046875
0 0.7109375 0.53046875 0.0046875 0.0078125
0 0.3234375 0.065625 0.0140625 0.009375
0 0.55859375 0.04921875 0.0078125 0.0078125
0 0.19375 0.07578125 0.0109375 0.009375
0 0.209375 0.075 0.0078125 0.009375
0 0.26875 0.0703125 0.0140625 0.0109375
0 0.30703125 0.06796875 0.015625 0.0109375
0 0.66171875 0.5359375 0.0078125 0.0078125
0 0.44609375 0.5515625 0.0046875 0.00625
0 0.5671875 0.54296875 0.00625 0.00625
0 0.6390625 0.53828125 0.00625 0.00625
0 0.4234375 0.55390625 0.0046875 0.0046875
0 0.49609375 0.5484375 0.0046875 0.0046875
0 0.51875 0.546875 0.00625 0.0046875
0 0.5421875 0.5453125 0.003125 0.0046875
0 0.471875 0.55234375 0.0078125 0.00625
0 0.37421875 0.559375 0.00625 0.0046875
0 0.2796875 0.56875 0.0078125 0.0046875
0 0.32578125 0.565625 0.003125 0.0046875
0 0.23125 0.5734375 0.00625 0.0078125
0 0.4953125 0.56015625 0.0203125 0.0078125
0 0.44921875 0.56484375 0.0171875 0.009375
0 0.47109375 0.56328125 0.0140625 0.009375
0 0.26171875 0.58046875 0.0078125 0.0078125
0 0.32734375 0.578125 0.0203125 0.0078125
0 0.23046875 0.07421875 0.015625 0.009375
0 0.2484375 0.07265625 0.0109375 0.0078125
0 0.2859375 0.071875 0.0140625 0.0109375
0 0.20625 0.5875 0.0203125 0.009375
0 0.41796875 0.58125 0.009375 0.053125
0 0.5234375 0.58515625 0.01875 0.0078125
0 0.54140625 0.584375 0.0109375 0.00625
0 0.20546875 0.615625 0.015625 0.0109375
0 0.33046875 0.60625 0.021875 0.0109375
0 0.7953125 0.65546875 0.009375 0.0125
0 0.78671875 0.65859375 0.0109375 0.015625
0 0.75703125 0.66171875 0.0109375 0.0140625
0 0.81328125 0.6578125 0.015625 0.0109375
0 0.68828125 0.66796875 0.0234375 0.0109375
0 0.77109375 0.66171875 0.0140625 0.015625
0 0.66171875 0.6703125 0.0203125 0.0125
0 0.7140625 0.66640625 0.0234375 0.0171875
0 0.73828125 0.66484375 0.01875 0.0125
0 0.48125 0.684375 0.0234375 0.015625
0 0.61015625 0.67578125 0.01875 0.01875
0 0.6359375 0.6734375 0.0234375 0.01875
0 0.5328125 0.68203125 0.021875 0.0125
0 0.55625 0.68046875 0.0171875 0.028125
0 0.45546875 0.68984375 0.021875 0.0125
0 0.5859375 0.68046875 0.021875 0.0125
0 0.3171875 0.7 0.0078125 0.009375
0 0.79765625 0.66875 0.009375 0.0203125
0 0.64609375 0.6859375 0.0078125 0.0203125
0 0.67109375 0.68515625 0.0078125 0.0203125
0 0.5125 0.6984375 0.0203125 0.0625
0 0.021875 0.73203125 0.0125 0.0296875
0 0.40390625 0.70625 0.028125 0.059375
0 0.68046875 0.68671875 0.0046875 0.015625
0 0.43046875 0.70546875 0.025 0.0625
0 0.72265625 0.68515625 0.0109375 0.0171875
0 0.5625 0.7 0.0203125 0.015625
0 0.35390625 0.715625 0.0265625 0.059375
0 0.3796875 0.71328125 0.03125 0.0640625
0 0.8 0.6875 0.0140625 0.015625
0 0.5 0.7109375 0.0125 0.0171875
0 0.61796875 0.70234375 0.009375 0.0328125
0 0.79296875 0.68984375 0.025 0.03125
0 0.82890625 0.6875 0.0125 0.021875
0 0.66484375 0.70078125 0.0234375 0.0109375
0 0.71640625 0.696875 0.0234375 0.0109375
0 0.7421875 0.6953125 0.021875 0.0109375
0 0.76796875 0.69453125 0.025 0.0171875
0 0.69140625 0.7015625 0.0234375 0.01875
0 0.609375 0.7078125 0.0125 0.0234375
0 0.45703125 0.71875 0.021875 0.0109375
0 0.4828125 0.7171875 0.0234375 0.0109375
0 0.53515625 0.715625 0.0234375 0.0171875
0 0.58828125 0.7125 0.0234375 0.01875
0 0.63984375 0.70859375 0.0234375 0.01875
0 0.56171875 0.71484375 0.0234375 0.0203125
0 0.7 0.70703125 0.0046875 0.0078125
0 0.72578125 0.7046875 0.00625 0.0078125
0 0.709375 0.7078125 0.0046875 0.00625
0 0.6921875 0.71328125 0.00625 0.00625
0 0.02109375 0.7609375 0.009375 0.0125
0 0.45625 0.73359375 0.0140625 0.0078125
0 0.3015625 0.74453125 0.0046875 0.0078125
0 0.76796875 0.7125 0.0140625 0.009375
0 0.7890625 0.7109375 0.003125 0.0078125
0 0.796875 0.71015625 0.0078125 0.0125
0 0.82265625 0.70859375 0.009375 0.0125
0 0.74453125 0.71640625 0.0234375 0.009375
0 0.6921875 0.72109375 0.025 0.0109375
0 0.71875 0.71875 0.021875 0.0078125
0 0.65 0.72421875 0.009375 0.0125
0 0.66484375 0.7234375 0.0125 0.0125
0 0.640625 0.72578125 0.0078125 0.009375
0 0.24921875 0.759375 0.0046875 0.00625
0 0.303125 0.75546875 0.00625 0.00625
0 0.825 0.7203125 0.0203125 0.0125
0 0.771875 0.72421875 0.0203125 0.0109375
0 0.7953125 0.72265625 0.0171875 0.0109375
0 0.66875 0.734375 0.0171875 0.0109375
0 0.69453125 0.73203125 0.021875 0.0109375
0 0.72109375 0.73125 0.021875 0.0125
0 0.74609375 0.7296875 0.021875 0.0125
0 0.64375 0.7375 0.0234375 0.015625
0 0.77890625 0.734375 0.0078125 0.009375
0 0.6515625 0.74765625 0.0046875 0.0078125
0 0.80703125 0.73671875 0.0125 0.0234375
0 0.6875 0.746875 0.0046875 0.0078125
0 0.59296875 0.75546875 0.0265625 0.059375
0 0.41015625 0.77109375 0.03125 0.0640625
0 0.48671875 0.765625 0.03125 0.0640625
0 0.5140625 0.7640625 0.0328125 0.0640625
0 0.54140625 0.76171875 0.028125 0.0640625
0 0.5671875 0.76015625 0.03125 0.0640625
0 0.61953125 0.75625 0.0296875 0.0640625
0 0.35625 0.77578125 0.0296875 0.0625
0 0.43671875 0.76953125 0.03125 0.0625
0 0.4625 0.76796875 0.0296875 0.0625
0 0.38359375 0.775 0.03125 0.065625
0 0.21796875 0.7875 0.0171875 0.0625
0 0.66640625 0.76171875 0.0171875 0.0390625
0 0.77734375 0.75546875 0.028125 0.01875
0 0.82109375 0.753125 0.0078125 0.0078125
0 0.82890625 0.75234375 0.009375 0.0125
0 0.75078125 0.759375 0.025 0.015625
0 0.81015625 0.75546875 0.0078125 0.009375
0 0.696875 0.7640625 0.0265625 0.0171875
0 0.79765625 0.75703125 0.0125 0.015625
0 0.72265625 0.76328125 0.03125 0.015625
0 0.646875 0.771875 0.028125 0.0171875
0 0.22421875 0.9453125 0.0234375 0.078125
0 0.4703125 0.9375 0.0015625 0.00625
0 0.5875 0.940625 0.00625 0.0046875
0 0.55859375 0.94296875 0.0046875 0.00625
0 0.6140625 0.9390625 0.00625 0.00625
0 0.471875 0.95 0.00625 0.0046875
0 0.75859375 0.9359375 0.0078125 0.0078125
0 0.70078125 0.940625 0.0078125 0.00625
0 0.7296875 0.9390625 0.00625 0.00625
0 0.55859375 0.9515625 0.00625 0.0046875
0 0.58671875 0.95 0.0046875 0.0046875
0 0.615625 0.94765625 0.00625 0.0046875
0 0.67265625 0.94375 0.0046875 0.0078125
0 0.78671875 0.9359375 0.0078125 0.0078125
0 0.64453125 0.946875 0.0078125 0.00625
0 0.4734375 0.96015625 0.0046875 0.0046875
0 0.4453125 0.9625 0.0078125 0.00625
0 0.3875 0.96796875 0.0046875 0.0046875
0 0.4171875 0.9671875 0.0078125 0.00625
0 0.4078125 0.01484375 0.0109375 0.01875
0 0.2859375 0.0265625 0.0125 0.021875
0 0.59375 0.1140625 0.00625 0.00625
0 0.57578125 0.1171875 0.0046875 0.0046875
0 0.13359375 0.03828125 0.0078125 0.0078125
0 0.2296875 0.03203125 0.0140625 0.009375
0 0.30390625 0.0265625 0.0125 0.009375
0 0.32109375 0.025 0.0125 0.009375
0 0.80625 0.11484375 0.0140625 0.0375
0 0.3875 0.15546875 0.0078125 0.0390625
0 0.12265625 0.17734375 0.0109375 0.0375
0 0.07734375 0.04375 0.009375 0.015625
0 0.19453125 0.03671875 0.0140625 0.0109375
0 0.21171875 0.03515625 0.0140625 0.0109375
0 0.434375 0.17109375 0.00625 0.00625
0 0.24609375 0.03359375 0.009375 0.0125
0 0.2703125 0.03359375 0.0109375 0.0140625