0 0.61875 0.18515625 0.00625 0.0046875
0 0.4828125 0.23359375 0.0078125 0.00625
0 0.69765625 0.1609375 0.0078125 0.009375
0 0.5421875 0.21796875 0.00625 0.0078125
0 0.503125 0.234375 0.0046875 0.0046875
0 0.3859375 0.2765625 0.009375 0.00625
0 0.87109375 0.1171875 0.025 0.046875
0 0.14921875 0.37421875 0.009375 0.0125
0 0.24921875 0.34609375 0.021875 0.0453125
0 0.1828125 0.3703125 0.01875 0.040625
0 0.15703125 0.39609375 0.009375 0.0109375
0 0.2109375 0.10546875 0.0125 0.0109375
0 0.159375 0.125 0.0171875 0.0140625
0 0.17578125 0.11953125 0.0171875 0.0140625
0 0.84609375 0.2234375 0.028125 0.05
0 0.090625 0.15 0.0140625 0.009375
0 0.6578125 0.2921875 0.0234375 0.0453125
0 0.10703125 0.14609375 0.0140625 0.0109375
0 0.1421875 0.134375 0.015625 0.0125
0 0.1953125 0.115625 0.0171875 0.015625
0 0.47578125 0.01953125 0.0234375 0.0390625
0 0.45859375 0.02578125 0.0234375 0.0421875
0 0.20234375 0.471875 0.00625 0.0046875
0 0.53359375 0.3609375 0.00625 0.0078125
0 0.8296875 0.259375 0.00625 0.0078125
0 0.80859375 0.26875 0.0078125 0.0078125
0 0.34609375 0.43046875 0.009375 0.00625
0 0.59765625 0.34375 0.00625 0.0046875
0 0.61953125 0.33671875 0.003125 0.0046875
0 0.4734375 0.38828125 0.0078125 0.0078125
0 0.515625 0.37421875 0.00625 0.0078125
0 0.559375 0.3609375 0.0109375 0.009375
0 0.4109375 0.41328125 0.0078125 0.009375
0 0.453125 0.39921875 0.009375 0.009375
0 0.32734375 0.44375 0.0078125 0.00625
0 0.43984375 0.41484375 0.009375 0.009375
0 0.37265625 0.43984375 0.021875 0.015625
0 0.84296875 0.29921875 0.0171875 0.015625
0 0.328125 0.56328125 0.0078125 0.009375
0 0.68515625 0.47578125 0.0078125 0.00625
0 0.55 0.52421875 0.0046875 0.0046875
0 0.528125 0.5328125 0.0078125 0.0078125
0 0.50546875 0.54296875 0.00625 0.0078125
0 0.25546875 0.63046875 0.0078125 0.0078125
0 0.303125 0.615625 0.009375 0.00625
0 0.71171875 0.475 0.00625 0.009375
0 0.2171875 0.1265625 0.015625 0.0125
0 0.43984375 0.05 0.009375 0.009375
0 0.09453125 0.16953125 0.0140625 0.0125
0 0.109375 0.1640625 0.0109375 0.0109375
0 0.165625 0.1453125 0.015625 0.0140625
0 0.2015625 0.1328125 0.0171875 0.0140625
0 0.66484375 0.49296875 0.009375 0.009375
0 0.46171875 0.56328125 0.00625 0.0078125
0 0.57578125 0.52421875 0.0078125 0.0078125
0 0.64375 0.50078125 0.0078125 0.0078125
0 0.43984375 0.571875 0.00625 0.0046875
0 0.509375 0.5484375 0.00625 0.0046875
0 0.53046875 0.540625 0.0078125 0.00625
0 0.55234375 0.5328125 0.0046875 0.0046875
0 0.4859375 0.5578125 0.009375 0.0078125
0 0.39375 0.590625 0.0078125 0.00625
0 0.30546875 0.6234375 0.009375 0.00625
0 0.34921875 0.60859375 0.0046875 0.0046875
0 0.259375 0.640625 0.0078125 0.009375
0 0.5109375 0.55859375 0.021875 0.0125
0 0.4671875 0.57578125 0.01875 0.0125
0 0.48828125 0.56875 0.015625 0.0125
0 0.29140625 0.63984375 0.009375 0.009375
0 0.35390625 0.61953125 0.021875 0.0125
0 0.1296875 0.15859375 0.0171875 0.0125
0 0.14609375 0.15234375 0.0125 0.0109375
0 0.1828125 0.14140625 0.015625 0.0140625
0 0.2390625 0.66015625 0.021875 0.0140625
0 0.44140625 0.59921875 0.0234375 0.0515625
0 0.54453125 0.5765625 0.0203125 0.0125
0 0.56171875 0.5703125 0.0125 0.009375
0 0.2453125 0.6875 0.0171875 0.0140625
0 0.3640625 0.646875 0.0234375 0.015625
0 0.825 0.57421875 0.0109375 0.0140625
0 0.81796875 0.57890625 0.0140625 0.0171875
0 0.78984375 0.5890625 0.0140625 0.015625
0 0.84375 0.57109375 0.0171875 0.0140625
0 0.725 0.61328125 0.025 0.0171875
0 0.80390625 0.5859375 0.015625 0.0171875
0 0.7 0.62265625 0.0234375 0.0171875
0 0.74921875 0.60546875 0.025 0.021875
0 0.7734375 0.59765625 0.021875 0.0171875
0 0.5296875 0.6828125 0.025 0.0203125
0 0.6515625 0.64140625 0.021875 0.021875
0 0.6765625 0.6328125 0.0265625 0.0234375
0 0.57890625 0.6671875 0.025 0.01875
0 0.60078125 0.659375 0.0234375 0.03125
0 0.50625 0.69453125 0.025 0.01875
0 0.6296875 0.6515625 0.025 0.01875
0 0.375 0.740625 0.0109375 0.0109375
0 0.83125 0.5859375 0.0140625 0.0203125
0 0.6890625 0.64140625 0.0125 0.0203125
0 0.71328125 0.63515625 0.0125 0.0203125
0 0.56328125 0.68828125 0.034375 0.0625
0 0.0984375 0.8484375 0.0203125 0.03125
0 0.4609375 0.72421875 0.040625 0.0625
0 0.72265625 0.63359375 0.0078125 0.015625
0 0.4859375 0.71640625 0.0390625 0.0640625
0 0.76328125 0.62109375 0.0140625 0.01875
0 0.6125 0.67734375 0.021875 0.01875
0 0.41484375 0.74609375 0.0390625 0.0625
0 0.4390625 0.7375 0.0453125 0.0671875
0 0.83828125 0.603125 0.015625 0.0171875
0 0.5546875 0.70390625 0.015625 0.0203125
0 0.66640625 0.66484375 0.01875 0.0328125
0 0.83203125 0.6078125 0.03125 0.0359375
0 0.86640625 0.59609375 0.0171875 0.025
0 0.71171875 0.65078125 0.025 0.0171875
0 0.76015625 0.634375 0.025 0.0171875
0 0.784375 0.62578125 0.0234375 0.015625
0 0.809375 0.61796875 0.0265625 0.021875
0 0.73671875 0.64453125 0.0265625 0.0234375
0 0.659375 0.67265625 0.01875 0.025
0 0.515625 0.72265625 0.0234375 0.015625
0 0.53984375 0.7140625 0.025 0.0171875
0 0.58984375 0.6984375 0.025 0.021875
0 0.640625 0.68203125 0.0265625 0.0234375
0 0.6890625 0.665625 0.0265625 0.0234375
0 0.615625 0.69140625 0.0265625 0.025
0 0.746875 0.64765625 0.00625 0.009375
0 0.77109375 0.63984375 0.0078125 0.009375
0 0.75625 0.64609375 0.00625 0.0078125
0 0.740625 0.65625 0.0078125 0.0078125
0 0.1046875 0.87578125 0.0109375 0.0140625
0 0.51796875 0.73671875 0.015625 0.0109375
0 0.371875 0.7875 0.00625 0.009375
0 0.81328125 0.6359375 0.015625 0.0125
0 0.83359375 0.62890625 0.00625 0.0078125
0 0.840625 0.6265625 0.009375 0.0125
0 0.865625 0.61796875 0.0109375 0.0140625
0 0.7921875 0.6453125 0.025 0.015625
0 0.74296875 0.66328125 0.0265625 0.0171875
0 0.76796875 0.6546875 0.0234375 0.0125
0 0.70234375 0.678125 0.0109375 0.0140625
0 0.7171875 0.67265625 0.0140625 0.0140625
0 0.69375 0.68203125 0.0109375 0.0109375
0 0.325 0.815625 0.00625 0.0078125
0 0.3765625 0.79765625 0.0078125 0.0078125
0 0.8703125 0.62890625 0.0234375 0.0171875
0 0.8203125 0.646875 0.021875 0.015625
0 0.84296875 0.6390625 0.01875 0.0140625
0 0.72421875 0.68203125 0.01875 0.0140625
0 0.7484375 0.67421875 0.0234375 0.015625
0 0.7734375 0.66640625 0.025 0.01875
0 0.79765625 0.6578125 0.025 0.01875
0 0.7 0.6921875 0.025 0.0203125
0 0.8296875 0.65390625 0.0109375 0.0109375
0 0.71015625 0.7 0.00625 0.009375
0 0.8578125 0.64921875 0.01875 0.025
0 0.74453125 0.68984375 0.00625 0.009375
0 0.65625 0.72265625 0.0390625 0.0625
0 0.48359375 0.78515625 0.0453125 0.0671875
0 0.55546875 0.76015625 0.0453125 0.0671875
0 0.58125 0.7515625 0.046875 0.06875
0 0.60703125 0.7421875 0.0421875 0.0671875
0 0.6328125 0.73359375 0.0453125 0.0671875
0 0.68203125 0.71640625 0.04375 0.0671875
0 0.4328125 0.803125 0.04375 0.065625
0 0.50859375 0.77734375 0.0453125 0.065625
0 0.5328125 0.76875 0.04375 0.065625
0 0.45859375 0.79609375 0.0453125 0.06875
0 0.3015625 0.85078125 0.0328125 0.0625
0 0.728125 0.709375 0.025 0.040625
0 0.83359375 0.675 0.03125 0.025
0 0.87578125 0.66171875 0.009375 0.009375
0 0.8828125 0.659375 0.0109375 0.0140625
0 0.809375 0.6859375 0.0265625 0.0203125
0 0.865625 0.66640625 0.0109375 0.0109375
0 0.75859375 0.70390625 0.028125 0.0234375
0 0.85390625 0.67109375 0.015625 0.01875
0 0.78359375 0.696875 0.0328125 0.0234375
0 0.71171875 0.72421875 0.0296875 0.0234375
0 0.34765625 0.98125 0.0421875 0.0375
0 0.584375 0.93046875 0.003125 0.00625
0 0.6984375 0.903125 0.0078125 0.00625
0 0.67109375 0.9125 0.00625 0.0078125
0 0.7234375 0.89453125 0.0078125 0.0078125
0 0.5890625 0.9421875 0.0078125 0.00625
0 0.8625 0.8546875 0.009375 0.009375
0 0.8078125 0.87421875 0.009375 0.0078125
0 0.83515625 0.86484375 0.0078125 0.0078125
0 0.6734375 0.92109375 0.0078125 0.00625
0 0.70078125 0.91171875 0.00625 0.0046875
0 0.728125 0.90234375 0.0078125 0.00625
0 0.78203125 0.88359375 0.00625 0.009375
0 0.88984375 0.846875 0.009375 0.009375
0 0.75546875 0.89453125 0.009375 0.0078125
0 0.59375 0.9515625 0.00625 0.0046875
0 0.5671875 0.9609375 0.009375 0.0078125
0 0.51328125 0.98125 0.00625 0.0046875
0 0.54140625 0.97265625 0.009375 0.0078125
0 0.2859375 0.0546875 0.015625 0.0203125
0 0.1703125 0.09765625 0.0171875 0.025
0 0.490625 0.103125 0.0078125 0.0078125
0 0.47421875 0.1109375 0.00625 0.0046875
0 0.0265625 0.14921875 0.009375 0.009375
0 0.11796875 0.11796875 0.015625 0.0125
0 0.18828125 0.09375 0.0140625 0.0109375
0 0.2046875 0.0875 0.0140625 0.0109375
0 0.69609375 0.04921875 0.021875 0.0390625
0 0.30234375 0.19609375 0.0171875 0.0390625
0 0.0515625 0.2859375 0.0203125 0.0375
0 0.084375 0.13125 0.015625 0.0140625
0 0.10078125 0.12578125 0.015625 0.0140625
0 0.3515625 0.19921875 0.0078125 0.0078125
0 0.13359375 0.115625 0.0109375 0.0140625
0 0.15703125 0.109375 0.0140625 0.015625