0 0.74921875 0.2734375 0.0046875 0.0046875
0 0.60546875 0.2546875 0.00625 0.0046875
0 0.8296875 0.2875 0.0078125 0.009375
0 0.665625 0.26796875 0.00625 0.00625
0 0.62265625 0.26484375 0.003125 0.0046875
0 0.5 0.24921875 0.0078125 0.0046875
0 0.99765625 0.3265625 0.0046875 0.046875
0 0.24453125 0.22890625 0.0078125 0.0125
0 0.346875 0.24921875 0.0140625 0.0453125
0 0.27578125 0.240625 0.0125 0.040625
0 0.24140625 0.2515625 0.0078125 0.009375
0 0.8640625 0.07890625 0.0109375 0.0375
0 0.421875 0.0171875 0.0125 0.009375
0 0.36640625 0.0109375 0.0171875 0.0109375
0 0.38359375 0.01328125 0.0171875 0.0109375
0 0.93359375 0.41015625 0.01875 0.05
0 0.29375 0.003125 0.0125 0.00625
0 0.73515625 0.38671875 0.015625 0.046875
0 0.3109375 0.00625 0.0140625 0.009375
0 0.346875 0.01171875 0.015625 0.009375
0 0.40234375 0.01953125 0.015625 0.0140625
0 0.696875 0.0609375 0.015625 0.040625
0 0.678125 0.05859375 0.0171875 0.0421875
0 0.246875 0.33984375 0.0046875 0.0046875
0 0.59296875 0.39140625 0.00625 0.00625
0 0.903125 0.43515625 0.00625 0.00625
0 0.8796875 0.434375 0.0078125 0.0078125
0 0.39453125 0.36875 0.0078125 0.0046875
0 0.6578125 0.40546875 0.0046875 0.0046875
0 0.68125 0.40859375 0.0015625 0.0046875
0 0.5265625 0.38828125 0.0078125 0.0078125
0 0.57109375 0.39453125 0.00625 0.00625
0 0.61640625 0.40234375 0.009375 0.0078125
0 0.459375 0.38203125 0.0078125 0.009375
0 0.50390625 0.38828125 0.009375 0.009375
0 0.37109375 0.37109375 0.00625 0.0046875
0 0.48515625 0.396875 0.009375 0.009375
0 0.4140625 0.38828125 0.021875 0.0125
0 0.896875 0.4765625 0.015625 0.0140625
0 0.8453125 0.09140625 0.00625 0.009375
0 0.31875 0.478125 0.0078125 0.009375
0 0.67578125 0.5625 0.00625 0.0046875
0 0.53359375 0.54375 0.003125 0.0046875
0 0.51015625 0.54140625 0.0078125 0.0078125
0 0.4859375 0.540625 0.00625 0.00625
0 0.2234375 0.50546875 0.0078125 0.0078125
0 0.271875 0.51328125 0.0078125 0.0046875
0 0.7 0.57421875 0.00625 0.0078125
0 0.4171875 0.0390625 0.015625 0.009375
0 0.65078125 0.071875 0.009375 0.009375
0 0.2890625 0.02109375 0.0125 0.0109375
0 0.30390625 0.0234375 0.009375 0.0109375
0 0.36328125 0.03203125 0.015625 0.0109375
0 0.40078125 0.0375 0.0171875 0.0109375
0 0.65078125 0.56875 0.009375 0.009375
0 0.43671875 0.5390625 0.00625 0.00625
0 0.55703125 0.55625 0.0078125 0.0078125
0 0.628125 0.56640625 0.0078125 0.0078125
0 0.41328125 0.53671875 0.0046875 0.0046875
0 0.4859375 0.546875 0.0046875 0.0046875
0 0.50859375 0.55 0.00625 0.0046875
0 0.53203125 0.553125 0.003125 0.0046875
0 0.4609375 0.5453125 0.009375 0.0078125
0 0.36484375 0.53203125 0.00625 0.0046875
0 0.2703125 0.52109375 0.0078125 0.0046875
0 0.31640625 0.528125 0.003125 0.0046875
0 0.221875 0.51640625 0.0078125 0.009375
0 0.48359375 0.5578125 0.0203125 0.009375
0 0.43671875 0.55234375 0.01875 0.009375
0 0.45859375 0.55546875 0.015625 0.009375
0 0.25078125 0.5296875 0.009375 0.009375
0 0.315625 0.540625 0.0203125 0.009375
0 0.325 0.02734375 0.0171875 0.009375
0 0.34296875 0.0296875 0.0125 0.009375
0 0.3796875 0.03671875 0.015625 0.0109375
0 0.19453125 0.52421875 0.021875 0.0109375
0 0.403125 0.56171875 0.0140625 0.053125
0 0.5046875 0.58828125 0.01875 0.009375
0 0.52265625 0.590625 0.0109375 0.0078125
0 0.18828125 0.5515625 0.0171875 0.0109375
0 0.31171875 0.56875 0.0234375 0.0125
0 0.75625 0.71328125 0.009375 0.0125
0 0.74765625 0.71484375 0.0109375 0.0171875
0 0.71796875 0.7109375 0.0109375 0.015625
0 0.7734375 0.71875 0.0171875 0.0109375
0 0.64921875 0.703125 0.025 0.0125
0 0.73203125 0.71484375 0.0140625 0.015625
0 0.62265625 0.7 0.021875 0.0140625
0 0.67421875 0.7078125 0.0234375 0.01875
0 0.69921875 0.7109375 0.0203125 0.0140625
0 0.44375 0.6765625 0.0234375 0.0171875
0 0.57109375 0.69453125 0.01875 0.01875
0 0.596875 0.6984375 0.0234375 0.0203125
0 0.49453125 0.684375 0.0234375 0.0140625
0 0.51796875 0.68828125 0.01875 0.0296875
0 0.4171875 0.67578125 0.0234375 0.0140625
0 0.546875 0.69453125 0.0234375 0.0140625
0 0.2796875 0.6578125 0.009375 0.0109375
0 0.75625 0.7265625 0.0109375 0.0203125
0 0.6046875 0.71171875 0.009375 0.0203125
0 0.62890625 0.7171875 0.009375 0.0203125
0 0.47109375 0.69609375 0.0234375 0.0625
0 0.36328125 0.68203125 0.03125 0.0609375
0 0.6375 0.7203125 0.0046875 0.015625
0 0.3890625 0.68671875 0.028125 0.0625
0 0.6796875 0.72734375 0.0109375 0.01875
0 0.51953125 0.70859375 0.0203125 0.0171875
0 0.3125 0.68046875 0.0296875 0.0609375
0 0.3375 0.68359375 0.034375 0.065625
0 0.75390625 0.7453125 0.0140625 0.015625
0 0.45625 0.70625 0.0125 0.01875
0 0.5734375 0.72265625 0.0125 0.0328125
0 0.746875 0.746875 0.0265625 0.0328125
0 0.7828125 0.7515625 0.0140625 0.0234375
0 0.61953125 0.73046875 0.025 0.0125
0 0.67109375 0.7375 0.025 0.0125
0 0.69609375 0.74140625 0.0234375 0.0125
0 0.721875 0.74609375 0.025 0.01875
0 0.6453125 0.73671875 0.0234375 0.0203125
0 0.5640625 0.72578125 0.0140625 0.025
0 0.4125 0.70546875 0.0234375 0.0125
0 0.43828125 0.709375 0.025 0.0125
0 0.48984375 0.71796875 0.0234375 0.01875
0 0.5421875 0.72578125 0.0234375 0.0203125
0 0.59375 0.73359375 0.0234375 0.0203125
0 0.515625 0.7234375 0.025 0.021875
0 0.65234375 0.74375 0.00625 0.0078125
0 0.678125 0.74765625 0.0078125 0.009375
0 0.66171875 0.746875 0.00625 0.00625
0 0.64375 0.7484375 0.0078125 0.0078125
0 0.40859375 0.71875 0.0140625 0.0078125
0 0.25546875 0.6984375 0.00625 0.0078125
0 0.71796875 0.76328125 0.015625 0.009375
0 0.7390625 0.76640625 0.0046875 0.0078125
0 0.74609375 0.7671875 0.0078125 0.0125
0 0.771875 0.77109375 0.009375 0.0125
0 0.69453125 0.7625 0.025 0.0109375
0 0.6421875 0.75625 0.0265625 0.0125
0 0.66875 0.759375 0.021875 0.009375
0 0.6 0.75078125 0.009375 0.0125
0 0.61484375 0.753125 0.0125 0.0125
0 0.590625 0.75 0.009375 0.0109375
0 0.20078125 0.7015625 0.00625 0.00625
0 0.2546875 0.709375 0.0078125 0.0078125
0 0.771875 0.7828125 0.021875 0.0140625
0 0.71953125 0.77578125 0.021875 0.0125
0 0.7421875 0.7796875 0.01875 0.0109375
0 0.61640625 0.7640625 0.01875 0.0109375
0 0.6421875 0.76796875 0.0234375 0.0125
0 0.66875 0.771875 0.0234375 0.0140625
0 0.69296875 0.77578125 0.0234375 0.0140625
0 0.590625 0.76171875 0.0234375 0.0171875
0 0.72421875 0.78671875 0.009375 0.0109375
0 0.59609375 0.77421875 0.00625 0.0078125
0 0.75078125 0.7953125 0.0140625 0.025
0 0.63203125 0.78046875 0.00625 0.0078125
0 0.5375 0.76953125 0.0296875 0.0609375
0 0.35546875 0.74609375 0.034375 0.065625
0 0.43125 0.75703125 0.034375 0.065625
0 0.45859375 0.7609375 0.0359375 0.065625
0 0.4859375 0.76484375 0.03125 0.065625
0 0.51171875 0.76796875 0.034375 0.065625
0 0.5640625 0.77578125 0.0328125 0.065625
0 0.30234375 0.73984375 0.0328125 0.0640625
0 0.38203125 0.75078125 0.034375 0.0640625
0 0.4078125 0.7546875 0.0328125 0.0640625
0 0.32890625 0.7453125 0.0359375 0.0671875
0 0.1640625 0.72265625 0.0203125 0.0640625
0 0.60859375 0.790625 0.01875 0.0390625
0 0.71796875 0.8078125 0.028125 0.0203125
0 0.7609375 0.8140625 0.009375 0.009375
0 0.76875 0.815625 0.009375 0.0125
0 0.69140625 0.80625 0.025 0.0171875
0 0.75 0.8140625 0.009375 0.0109375
0 0.6375 0.79921875 0.0265625 0.01875
0 0.7375 0.81328125 0.0125 0.0171875
0 0.66328125 0.80390625 0.03125 0.01875
0 0.58671875 0.79609375 0.028125 0.01875
0 0.1375 0.878125 0.0296875 0.078125
0 0.3796875 0.921875 0.003125 0.00625
0 0.49375 0.9484375 0.00625 0.0046875
0 0.46484375 0.9453125 0.00625 0.00625
0 0.5203125 0.953125 0.0078125 0.0078125
0 0.37890625 0.934375 0.00625 0.0046875
0 0.66171875 0.98046875 0.009375 0.009375
0 0.6046875 0.9734375 0.009375 0.0078125
0 0.63359375 0.97734375 0.0078125 0.0078125
0 0.46328125 0.95390625 0.00625 0.0046875
0 0.49140625 0.9578125 0.0046875 0.0046875
0 0.5203125 0.96171875 0.00625 0.0046875
0 0.5765625 0.9703125 0.00625 0.0078125
0 0.68984375 0.9859375 0.009375 0.009375
0 0.5484375 0.9671875 0.009375 0.0078125
0 0.378125 0.94453125 0.0046875 0.0046875
0 0.35078125 0.94140625 0.009375 0.0078125
0 0.29296875 0.93515625 0.0046875 0.0046875
0 0.321875 0.93984375 0.009375 0.0078125
0 0.5109375 0.0078125 0.0125 0.015625
0 0.671875 0.1421875 0.0078125 0.0078125
0 0.65390625 0.14140625 0.0046875 0.0046875
0 0.42265625 0.0015625 0.0140625 0.003125
0 0.87890625 0.1875 0.015625 0.0390625
0 0.46171875 0.13984375 0.009375 0.0390625
0 0.19765625 0.10546875 0.0125 0.0375
0 0.5046875 0.16484375 0.0078125 0.0078125
0 0.37109375 0.0015625 0.0109375 0.003125