0 0.49921875 0.63828125 0.0234375 0.0484375
0 0.59296875 0.6109375 0.0265625 0.053125
0 0.5484375 0.64375 0.0578125 0.1234375
0 0.46015625 0.671875 0.034375 0.09375
0 0.61015625 0.665625 0.015625 0.0328125
0 0.5125 0.696875 0.0203125 0.0171875
0 0.55078125 0.70234375 0.0078125 0.0109375
0 0.51015625 0.728125 0.0359375 0.01875
0 0.50390625 0.75 0.0171875 0.0140625
0 0.46953125 0.7609375 0.0421875 0.025
0 0.53203125 0.74375 0.0125 0.0234375
0 0.66875 0.70234375 0.0109375 0.021875
0 0.6265625 0.72109375 0.0171875 0.0421875