0 0.50625 0.63828125 0.025 0.0484375
0 0.5984375 0.60546875 0.028125 0.053125
0 0.55546875 0.64140625 0.0625 0.121875
0 0.46953125 0.67421875 0.0390625 0.0921875
0 0.61875 0.659375 0.0171875 0.0328125
0 0.5234375 0.69609375 0.0203125 0.01875
0 0.5609375 0.7 0.0078125 0.0109375
0 0.521875 0.72734375 0.0359375 0.0203125
0 0.51640625 0.74921875 0.0171875 0.0140625
0 0.4828125 0.7625 0.0421875 0.0265625
0 0.54453125 0.74140625 0.0140625 0.0234375
0 0.67890625 0.69296875 0.0109375 0.021875
0 0.6375 0.7140625 0.01875 0.0421875