0 0.41796875 0.61171875 0.025 0.0484375
0 0.51015625 0.64375 0.028125 0.053125
0 0.4546875 0.64453125 0.0609375 0.121875
0 0.36640625 0.61640625 0.0375 0.09375
0 0.4921875 0.6984375 0.0171875 0.0328125
0 0.39453125 0.6671875 0.0203125 0.01875
0 0.421875 0.69375 0.0078125 0.0109375
0 0.37421875 0.690625 0.0359375 0.0203125
0 0.35625 0.70390625 0.0171875 0.0140625
0 0.321875 0.69296875 0.0421875 0.0265625
0 0.3828125 0.715625 0.0125 0.0234375
0 0.51796875 0.76328125 0.0109375 0.021875
0 0.47265625 0.753125 0.01875 0.0421875